公司名,工商注册级别,注册地址变更信息,增资情况,股权变动,控股,成立年限,注册专业人员信息,法定代表人稳定性,对外投资,所处行业地位,企业规模,工程获奖情况,公共信用记录,工程领域不良记录(严重),工程领域不良记录(一般),法院信用记录,中标数量,主要市场区域,项目规模,主项资质,增项资质,知识产权情况,财务,社会评价,信用评分
浙江恒力建设有限公司,2,0,0,0,2,14,116,2,4,0,2,11,1,1,16,0,693,0,63,2,6,1,0,21,590
浙江中成建工集团有限公司,2,2,0,0,2,22,344,0,13,0,1,118,0,2,40,0,424,1,49,1,15,13,0,128,681
浙江世贸装饰股份有限公司,2,0,0,0,3,19,117,0,,0,2,17,0,0,4,0,452,1,71,2,6,0,0,17,606
浙江浙大中控信息技术有限公司,2,0,0,0,0,18,85,0,,0,2,0,0,0,2,0,422,1,65,2,6,0,0,0,478
浙江工力建设有限公司,2,0,0,0,3,17,111,0,4,0,2,1,0,0,0,0,373,1,11,2,6,0,0,7,650
浙江协和建设有限公司,2,0,0,0,0,17,100,0,,0,2,0,0,0,4,0,295,1,29,2,6,0,0,0,497
浙江大禹建设有限公司,2,0,0,0,3,16,53,0,,0,3,0,0,0,3,0,276,1,12,3,2,0,0,10,552
浙江绿洲生态股份有限公司,2,0,0,0,2,18,51,0,1,0,2,1,0,0,3,0,238,1,11,2,9,0,0,7,594
浙江海兴建筑有限公司,2,0,0,0,3,25,88,0,3,0,2,5,0,2,10,0,249,0,5,2,7,0,0,7,533
浙江崇德建设有限公司,2,0,0,0,3,11,56,0,,0,3,0,5,0,4,0,275,1,7,3,7,0,0,4,462
浙江中联建工集团有限公司,2,0,0,0,0,0,0,0,,0,0,14,0,0,51,0,205,0,10,0,0,3,0,14,318
浙江华宁建设有限公司,2,0,0,0,3,15,35,0,,0,3,0,0,0,0,0,193,1,5,3,4,0,0,5,612
浙江嘉禾建设有限公司,2,0,0,0,3,19,73,0,,0,2,0,0,0,3,0,177,3,6,2,6,0,0,7,544
浙江新中源建设有限公司,2,0,0,0,3,17,115,0,6,0,2,15,0,0,2,0,183,1,45,2,10,6,0,24,692
浙江盛开建设有限公司,2,0,0,0,3,11,45,0,,0,3,0,0,1,4,0,193,3,19,3,4,0,0,0,457
浙江南湖建设有限公司,2,0,0,0,0,13,76,0,,0,2,7,0,0,4,0,164,1,7,2,9,0,0,7,574
浙江交通设施有限公司,2,0,0,0,3,15,21,0,,0,2,0,0,0,2,0,154,1,10,2,3,0,0,0,393
浙江宏图建筑工程有限公司,2,0,0,0,0,18,83,0,2,0,2,1,0,1,5,0,155,1,23,2,6,0,0,6,506
浙江云龙建设有限公司,2,0,0,0,3,19,40,0,3,0,3,0,0,0,0,0,157,3,8,3,4,0,0,6,598
浙江长兴市政工程有限公司,2,0,0,0,3,24,38,0,2,0,2,1,0,0,0,0,139,0,2,2,4,0,0,10,631
浙江海安建设有限公司,2,0,0,0,3,16,35,0,2,0,3,0,0,0,3,0,139,1,12,3,5,0,0,7,576
浙江海洋工程有限公司,2,0,0,0,3,16,34,0,,0,3,0,0,0,2,0,132,1,10,3,4,0,0,0,548
浙江海丰建设有限公司,2,0,0,0,3,14,46,0,,0,3,1,0,0,1,0,133,1,4,3,5,0,0,6,597
浙江勤业建工集团有限公司,2,0,0,0,0,20,160,0,12,0,1,31,0,0,28,0,122,0,12,1,11,5,0,41,591
浙江中强建工集团有限公司,2,0,0,0,0,22,83,0,8,0,2,3,0,0,2,0,114,0,4,2,8,1,0,7,609
浙江安达系统工程有限公司,2,0,0,0,3,18,37,0,4,0,2,1,0,0,1,0,118,1,17,2,6,0,0,3,611
浙江宏伟建筑工程有限公司,2,0,0,0,0,24,54,0,1,0,2,4,0,0,4,0,108,3,11,2,6,0,0,14,516
浙江繁荣建设有限公司,2,0,0,0,3,18,39,0,,0,2,0,0,0,12,0,107,0,4,2,6,0,0,4,454
浙江深华新生态建设发展有限公司,2,0,0,0,2,21,23,0,1,0,2,1,0,0,2,0,96,3,0,2,7,0,0,11,584
浙江东南网架股份有限公司,2,0,0,0,1,16,57,0,13,0,2,46,0,0,8,0,100,1,21,2,5,67,0,56,664
浙江中柱建设有限公司,2,0,0,0,3,18,56,0,,0,3,4,0,0,13,0,107,1,1,3,8,0,0,6,513
浙江亚卫通科技有限公司,2,0,0,0,0,16,54,0,2,0,2,0,0,0,3,0,90,1,13,2,6,2,0,1,582
浙江东宁建设有限公司,2,0,0,0,2,18,34,0,,0,3,0,0,0,2,0,86,3,8,3,1,0,0,0,502
浙江大都市装饰有限公司,2,0,0,0,2,23,21,0,,0,2,2,0,0,0,0,87,3,2,2,3,0,0,2,581
浙江天宇建设有限公司,2,0,0,0,3,16,35,0,,0,3,0,0,0,1,0,93,3,4,3,6,0,0,10,582
浙江国光建筑工程有限公司,2,0,0,0,3,16,45,0,,0,3,0,0,4,1,0,89,3,9,3,5,0,0,2,497
浙江海马建设有限公司,2,0,0,0,3,11,37,0,,0,3,0,0,0,0,0,90,1,2,3,7,0,0,8,613
浙江森禾种业股份有限公司,2,0,0,0,2,17,43,0,10,0,2,7,0,0,0,0,86,1,12,2,5,12,0,17,762
浙江大丰实业股份有限公司,2,0,0,0,3,15,27,0,8,0,2,1,0,0,0,0,83,1,20,2,3,56,0,11,695
浙江新港市政工程有限公司,2,0,0,0,3,0,26,0,,0,4,0,0,0,0,0,88,1,2,4,3,0,0,0,554
浙江繁华建筑有限公司,2,0,0,0,3,30,30,0,1,0,2,0,0,0,1,0,73,3,3,2,5,0,0,4,546
浙江上风建设有限公司,2,0,0,0,3,17,29,0,,0,3,0,0,0,3,0,74,3,0,3,6,0,0,10,537
浙江合力建设有限公司,2,0,0,0,2,20,17,0,1,0,3,0,0,0,0,0,78,3,0,3,3,0,0,9,594
浙江大华系统工程有限公司,2,0,0,0,1,0,8,0,2,0,3,0,0,0,0,0,93,1,16,3,2,10,0,10,699
浙江宝石建设有限责任公司,2,0,0,0,3,19,31,0,,0,2,0,0,0,1,0,72,3,1,2,4,0,0,6,549
浙江东源建设有限公司,2,0,0,0,3,16,66,0,1,0,2,2,0,0,2,0,72,0,9,2,7,1,0,8,556
浙江中宁建设有限公司,2,0,0,0,3,20,30,0,1,0,3,2,0,0,1,0,88,0,5,3,6,0,0,2,539
浙江新城建设有限公司,2,0,0,0,0,15,37,0,,0,2,1,0,0,0,0,82,1,7,2,4,0,0,1,559
浙江新世界装饰有限公司,2,0,0,0,3,23,30,0,2,0,2,0,0,0,2,0,71,2,5,2,8,0,0,7,570
浙江盛业建设有限公司,2,0,0,0,2,16,52,0,,0,2,14,0,0,4,0,86,1,10,2,5,0,0,19,587
浙江天下建设有限公司,2,0,0,0,3,15,34,0,,0,2,0,0,0,0,0,66,1,7,2,8,0,0,5,592
浙江宏力阳生态建设股份有限公司,2,0,0,0,3,14,21,0,1,0,3,0,0,0,1,0,77,1,5,3,9,5,0,5,624
浙江明德建设有限公司,2,0,0,0,3,14,60,0,2,0,2,3,0,0,0,0,70,1,5,2,5,1,0,7,636
浙江青川装饰有限公司,2,0,0,0,3,19,15,0,1,0,2,3,0,0,0,0,64,1,3,2,5,0,0,11,653
浙江东来装潢有限公司,2,0,0,0,3,16,18,0,,0,2,2,0,0,0,0,62,1,1,2,6,0,0,5,616
浙江交建路桥工程有限公司,2,0,0,0,3,13,21,0,,0,3,1,0,0,0,0,60,0,2,3,5,0,0,1,572
浙江枫叶建设有限公司,2,0,0,0,3,14,46,0,,0,2,0,0,0,0,0,64,0,7,2,5,0,0,5,577
浙江海滨市政工程有限公司,2,0,0,0,3,25,31,0,,0,2,0,0,0,7,0,58,3,3,2,1,0,0,0,402
浙江三门市政工程有限公司,2,0,0,0,3,23,17,0,,0,3,0,0,0,0,0,65,0,0,3,3,0,0,1,533
浙江银河建筑工程有限公司,2,0,0,0,3,17,37,0,2,0,2,0,0,6,4,0,59,0,0,2,5,0,0,4,443
浙江高荣琪青建设有限公司,2,0,0,0,3,22,46,0,1,0,2,1,0,0,1,0,63,0,9,2,8,0,0,1,541
浙江普天园林建筑发展有限公司,2,0,0,0,0,18,40,0,,0,2,7,0,0,1,0,63,1,9,2,8,0,0,7,632
浙江顺风建筑工程有限公司,2,0,0,0,3,0,35,0,,0,3,0,0,0,1,0,62,1,9,3,6,0,0,2,562
浙江永胜建设有限公司,2,0,0,0,3,16,20,0,,0,3,0,0,0,2,0,53,3,1,3,4,0,0,3,527
浙江时尚工程有限公司,2,0,0,0,0,12,14,0,,0,2,3,0,0,0,0,50,3,2,2,6,0,0,3,581
浙江安吉市政工程有限公司,2,0,0,0,3,32,20,0,1,0,3,0,0,0,0,0,51,1,1,3,2,0,0,5,570
浙江华冶矿建集团有限公司,2,0,0,0,1,35,23,0,4,0,2,0,0,0,1,0,50,3,1,2,1,0,0,3,545
浙江宁远建设有限公司,2,0,0,0,0,0,0,0,,0,0,0,0,0,1,0,49,1,3,0,0,0,0,0,296
浙江桃源园林有限公司,2,0,0,0,3,17,20,0,,0,3,1,0,0,2,0,54,1,2,3,1,0,0,6,513
浙江兆久成信息技术股份有限公司,2,0,0,0,3,0,26,0,1,0,2,0,0,0,0,0,59,1,1,2,6,11,0,5,673
浙江土木建设有限公司,2,0,0,0,0,18,49,0,,0,2,0,0,0,2,0,49,3,9,2,3,0,0,0,489
浙江宜丰建设有限公司,2,0,0,0,3,19,10,0,,0,3,0,0,0,0,0,46,3,0,3,6,0,0,0,517
浙江广昌建筑有限公司,2,0,0,0,3,23,38,0,1,0,3,0,0,0,0,0,48,3,0,3,6,0,0,1,544
浙江鼎盛建筑工程有限公司,2,0,0,0,3,18,37,0,,0,3,0,0,0,5,0,49,0,5,3,4,2,0,9,517
浙江红叶园艺有限公司,2,0,0,0,3,19,29,0,1,0,2,2,0,0,0,0,46,0,3,2,5,1,0,5,644
浙江金华兴泰建工有限公司,3,0,0,0,3,0,19,0,,0,3,0,0,0,0,0,50,1,6,3,7,0,0,0,549
浙江五岳市政工程有限公司,2,0,0,0,3,12,23,0,,0,3,0,0,0,0,0,58,0,1,3,6,0,0,0,558
浙江永安消防有限公司,2,0,0,0,3,22,13,0,1,0,2,0,0,0,1,0,47,2,0,2,4,0,0,4,551
浙江新华建设有限公司,2,0,0,0,3,21,61,0,,0,2,13,0,0,3,0,52,1,22,2,7,4,0,23,694
浙江联谊建筑工程有限公司,2,0,0,0,3,23,27,0,1,0,3,0,0,0,1,0,48,3,3,3,3,0,0,6,549
浙江蓝天建设有限公司,2,0,0,0,3,17,23,0,,0,3,0,0,0,5,0,43,1,1,3,6,0,0,9,507
浙江富顺建设有限公司,2,0,0,0,3,18,24,0,,0,3,0,0,0,0,0,47,3,1,3,3,0,0,2,547
浙江人文园林有限公司,2,0,0,0,3,17,26,0,,0,2,10,0,0,0,0,49,0,4,2,4,0,0,10,667
浙江金卡实业有限公司,2,0,0,0,3,17,29,0,1,0,2,0,0,0,0,0,49,1,3,2,2,1,0,1,595
浙江自强建筑工程有限公司,2,0,0,0,3,13,25,0,1,0,3,0,0,0,1,0,43,3,3,3,2,0,0,1,524
浙江天池市政建设有限公司,2,0,0,0,3,13,10,0,,0,4,0,0,0,0,0,40,1,2,4,1,0,0,0,536
浙江伟业建设有限公司,2,0,0,0,3,12,42,0,,0,2,0,0,0,1,0,39,3,2,2,6,0,0,10,509
浙江吉安安装有限公司,3,0,0,0,3,19,23,0,2,0,2,1,0,0,2,0,38,2,0,2,5,0,0,2,535
浙江普宁市政工程有限公司,2,0,0,0,3,0,13,0,,0,3,0,0,0,0,0,42,1,5,3,1,0,0,0,526
浙江树人建设有限公司,2,0,0,0,0,0,21,0,,0,3,0,0,0,0,0,36,3,0,3,3,0,0,0,516
浙江宏图科技有限公司,2,0,0,0,3,17,23,0,,0,2,0,0,0,1,0,43,0,1,2,8,0,0,10,593
浙江正隆建设有限公司,2,0,0,0,3,13,21,0,,0,3,0,0,0,0,0,33,3,0,3,4,0,0,1,542
浙江群宇翔建设有限公司,2,0,0,0,0,0,20,0,,0,3,0,0,0,2,0,48,0,3,3,11,0,0,0,467
浙江东兴建设有限公司,2,0,0,0,3,20,45,0,,0,2,0,0,0,0,0,36,1,1,2,4,0,0,8,579
浙江环球建筑有限公司,2,0,0,0,3,22,18,0,,0,3,0,0,0,0,0,38,0,0,3,6,0,0,7,558
浙江大展建设有限公司,2,0,0,0,0,18,23,0,,0,3,0,0,0,0,0,40,0,4,3,3,0,0,0,532
浙江宏恩建设有限公司,2,0,0,0,3,21,13,0,,0,3,0,0,0,0,0,39,1,1,3,6,0,0,4,562
浙江展成路桥工程有限公司,2,0,0,0,3,22,0,0,,0,0,0,0,0,0,0,31,3,0,0,0,0,0,0,298
浙江同心建筑工程有限公司,2,0,0,0,3,17,28,0,,0,2,0,0,0,0,0,34,1,6,2,5,0,0,2,564
浙江宏亮建设有限公司,2,0,0,0,3,12,21,0,,0,2,0,0,0,2,0,31,3,0,2,2,0,0,6,497
浙江万盛建筑工程有限公司,2,0,0,0,0,0,17,0,,0,3,0,0,0,0,0,34,1,0,3,3,0,0,0,525
浙江启立建筑科技有限公司,2,0,0,0,0,0,33,0,,0,3,2,0,0,0,0,37,1,1,3,7,0,0,2,549
浙江山川建筑工程有限公司,2,0,0,0,2,12,25,0,,0,3,0,0,0,1,0,30,3,1,3,3,0,0,2,532
浙江至诚建设有限公司,2,0,0,0,3,0,22,0,,0,3,0,0,0,0,0,30,3,1,3,8,0,0,10,584
浙江中乐建设有限公司,2,0,0,0,3,17,62,0,,0,2,1,0,0,2,0,32,1,6,2,5,0,0,1,554
浙江山口建筑工程有限公司,2,0,0,0,3,20,42,0,,0,2,0,0,6,2,0,30,3,5,2,7,0,0,5,449
浙江巨轮建设有限公司,2,0,0,0,3,19,17,0,,0,3,0,0,0,0,0,35,3,1,3,2,0,0,1,518
浙江田野建设有限公司,2,0,0,0,3,14,19,0,,0,3,0,0,0,0,0,32,1,2,3,2,0,0,2,543
浙江南海建设有限公司,2,0,0,0,0,23,25,0,,0,3,0,0,0,1,0,30,0,3,3,7,0,0,0,522
浙江满庭芳园艺有限公司,2,0,0,0,3,13,0,0,,0,0,0,0,0,0,0,29,1,0,0,0,0,0,0,318
浙江盛誉建设有限公司,2,0,0,0,3,0,14,0,,0,4,0,0,0,1,0,35,1,0,4,1,0,0,2,521
浙江宝庆建设有限公司,2,0,0,0,0,15,31,0,,0,2,1,0,1,9,0,26,0,5,2,6,0,0,1,429
浙江方舟建设有限公司,2,0,0,0,3,26,21,0,,0,3,0,0,0,1,0,28,0,1,3,3,0,0,7,557
浙江春天建设有限公司,2,0,0,0,3,0,11,0,,0,3,0,0,0,1,0,27,2,6,3,2,2,0,8,550
浙江功业建设有限公司,2,0,0,0,3,11,19,0,,0,3,0,0,0,0,0,31,3,0,3,3,0,0,10,423
浙江泽国建设有限公司,2,0,0,0,3,22,30,0,1,0,3,2,0,0,11,0,35,1,14,3,9,0,0,10,509
浙江兴隆建设有限公司,2,0,0,0,3,16,0,0,3,0,0,0,0,0,0,0,24,3,0,0,0,0,0,10,354
浙江华纳建设有限公司,2,0,0,0,3,12,39,0,1,0,2,0,0,0,2,0,25,3,2,2,7,0,0,3,481
浙江星汉信息技术有限公司,2,0,0,0,0,0,0,0,,0,0,0,0,0,0,0,24,0,2,0,0,0,0,0,288
浙江大业建筑工程有限公司,2,0,0,0,0,0,0,0,,0,0,0,0,7,1,0,24,3,0,0,0,0,0,0,188
浙江新豪城装饰有限公司,2,0,0,0,3,17,8,0,2,0,2,0,0,0,0,0,22,3,0,2,2,0,0,3,535
浙江三洋建设有限公司,2,0,0,0,0,22,14,0,,0,3,0,0,0,0,0,22,3,0,3,1,0,0,0,492
浙江中正建设有限公司,2,0,0,0,3,12,0,0,,0,0,0,0,0,1,0,22,2,0,0,0,0,0,0,283
浙江博达生态建设有限公司,2,0,0,0,0,0,0,0,,0,0,0,0,0,0,0,22,1,1,0,0,0,0,0,303
浙江华氏建设有限公司,2,0,0,0,2,19,27,0,2,0,3,0,0,0,0,0,26,3,1,3,3,1,0,0,551
浙江国翔机电工程有限公司,2,0,0,0,3,14,9,0,,0,3,0,0,0,0,0,28,3,2,3,3,0,0,0,507
浙江方圆市政工程有限公司,2,0,0,0,3,20,17,0,,0,3,1,0,0,0,0,24,0,4,3,2,0,0,11,578
浙江鸿鹄建设有限公司,2,0,0,0,3,12,13,0,,0,2,0,0,0,1,0,21,3,0,2,6,0,0,10,544
浙江南越建设有限公司,2,0,0,0,3,19,30,0,2,0,2,0,0,0,0,0,21,0,6,2,4,0,0,2,553
浙江一通建设有限公司,2,0,0,0,3,13,13,0,,0,3,0,0,0,0,0,20,1,0,3,3,0,0,0,523
浙江恒山建设有限公司,2,0,0,0,3,11,23,0,,0,3,0,0,0,1,0,23,3,3,3,4,0,0,0,527
浙江万宇古建园林有限公司,2,0,0,0,3,17,6,0,,0,4,0,0,0,0,0,21,0,1,4,1,0,0,0,515
浙江中信建筑工程有限公司,2,0,0,0,3,33,26,0,,0,2,0,0,0,1,0,19,3,0,2,3,0,0,10,519
浙江上水建设有限公司,2,0,0,0,3,0,15,0,,0,4,0,0,0,0,0,22,3,3,4,2,0,0,0,516
浙江大地钢结构有限公司,2,0,0,0,1,23,23,0,,0,2,3,0,0,0,0,19,3,3,2,4,4,0,13,659
浙江立方建设有限公司,2,0,0,0,3,19,22,0,,0,3,1,0,0,4,0,20,3,1,3,6,0,0,9,503
浙江江南园林有限公司,2,0,0,0,3,15,17,0,,0,4,0,0,0,0,0,20,1,0,4,1,0,0,7,566
金牛城建集团有限公司,1,0,0,0,3,15,21,0,4,0,3,0,0,0,1,0,72,0,2,3,3,0,0,9,588
浙江迈新科技有限公司,2,0,0,0,3,18,0,0,,0,0,0,0,0,0,0,17,2,3,0,0,0,0,9,358
浙江天长建设有限公司,2,0,0,0,0,12,0,0,,0,0,0,0,0,0,0,17,3,1,0,0,0,0,0,298
浙江大壮建设有限公司,2,0,0,0,2,0,5,0,,0,4,0,0,0,0,0,17,3,0,4,1,0,0,0,512
浙江冠亚机电设备有限公司,2,0,0,0,3,12,0,0,,0,0,0,0,0,0,0,16,3,1,0,0,0,0,0,308
浙江声学工程设计有限公司,2,0,0,0,3,22,28,0,,0,3,1,0,0,0,0,27,1,2,3,6,0,0,5,602
浙江通联建设有限公司,2,0,0,0,3,17,25,0,,0,3,0,0,0,2,0,15,3,1,3,4,0,0,2,517
浙江主力建设有限公司,2,0,0,0,3,0,0,0,,0,0,0,0,0,1,0,15,3,0,0,0,0,0,0,278
浙江大发灯具有限公司,2,0,0,0,0,0,0,0,,0,0,0,0,0,0,0,15,3,0,0,0,0,0,0,278
浙江景泰建设有限公司,2,0,0,0,3,18,11,0,,0,3,0,0,0,0,0,16,1,0,3,1,0,0,1,527
浙江远东建设有限公司,2,0,0,0,3,20,35,0,,0,2,1,0,0,1,0,17,0,6,2,3,0,0,11,569
浙江顺昌建设有限公司,2,0,0,0,3,11,22,0,4,0,3,0,0,0,0,0,18,3,1,3,3,0,0,0,536
浙江迪思威电气股份有限公司,2,0,0,0,3,0,7,0,1,0,3,0,0,0,0,0,21,1,0,3,4,5,0,1,614
浙江迈新科技股份有限公司,2,0,0,0,3,18,27,0,1,0,2,0,0,0,0,0,23,1,2,2,3,0,0,4,585
浙江宏富装饰有限公司,2,0,0,0,3,23,7,0,,0,3,0,0,0,0,0,14,0,0,3,4,0,0,0,535
浙江美达建设有限公司,2,0,0,0,3,12,14,0,,0,3,0,0,0,1,0,13,3,0,3,2,0,0,7,522
浙江埃克森电梯有限公司,2,0,0,0,3,0,0,0,1,0,0,0,0,0,0,0,20,1,1,0,0,0,0,2,332
浙江瓯江建筑工程有限公司,2,0,0,0,2,17,19,0,,0,3,0,0,0,0,0,14,0,0,3,2,0,0,0,537
浙江克瑞丰球泵业有限公司,2,0,0,0,2,15,0,0,,0,0,0,0,0,0,0,12,3,0,0,0,0,0,5,328
浙江大润机电设备有限公司,2,0,0,0,3,0,1,0,,0,4,0,0,0,0,0,12,3,1,4,1,0,0,0,514
浙江广安建设有限公司,3,0,0,0,3,0,17,0,2,0,3,1,0,0,2,0,19,3,6,3,9,1,0,4,496
浙江上下电梯股份有限公司,2,0,0,0,3,0,0,0,,0,0,0,0,0,0,0,12,3,5,0,0,0,0,9,358
浙江天合路桥有限公司,2,0,0,0,3,17,26,0,,0,3,0,0,0,0,0,12,0,4,3,5,0,0,0,552
浙江银湖建设有限公司,2,0,0,0,0,13,29,0,,0,2,0,0,0,6,0,12,3,2,2,7,0,0,0,397
浙江建邦市政工程有限公司,2,0,0,0,3,13,8,0,2,0,4,0,0,0,0,0,11,3,0,4,1,0,0,0,515
浙江联众建设有限公司,2,0,0,0,3,15,15,0,,0,3,0,0,0,1,0,11,3,0,3,3,0,0,7,527
浙江海林建设有限公司,2,0,0,0,3,11,13,0,,0,3,0,0,0,0,0,11,0,0,3,3,0,0,0,517
浙江大自然园艺有限公司,2,0,0,0,3,25,9,0,1,0,2,0,0,0,0,0,14,0,1,2,2,0,0,1,539
浙江兴和建筑工程有限公司,2,0,0,0,3,15,15,0,,0,3,0,0,2,1,0,11,3,0,3,1,0,0,0,482
浙江闽江空调设备有限公司,2,0,0,0,3,14,13,0,,0,3,0,0,0,1,0,10,3,0,3,1,0,0,0,507
浙江中桥建设有限公司,2,0,0,0,3,0,10,0,1,0,3,0,0,0,0,0,10,1,0,3,6,0,0,4,550
浙江华丰管业有限公司,2,0,0,0,0,0,0,0,,0,0,0,0,0,0,0,10,3,0,0,0,0,0,0,283
浙江晨光电缆股份有限公司,2,0,0,0,3,12,0,0,,0,0,0,0,0,0,0,10,3,0,0,0,0,0,0,298
浙江文华建设有限公司,2,0,0,0,3,0,5,0,,0,4,0,0,0,0,0,10,3,0,4,1,0,0,10,558
浙江浙东建设有限公司,2,0,0,0,2,23,30,0,,0,2,0,0,0,0,0,11,3,1,2,2,0,0,6,549
浙江大华技术股份有限公司,2,0,0,0,0,0,0,0,,0,0,0,0,0,0,0,12,1,0,0,0,0,0,0,304
浙江斯帝特新能源有限公司,2,0,0,0,0,13,0,0,,0,0,0,0,0,0,0,12,3,0,0,0,0,0,0,288
浙江网新恩普软件有限公司,2,0,0,0,1,19,0,0,3,0,0,0,0,0,0,0,11,0,0,0,0,1,0,10,389
浙江舜建设有限公司,2,0,0,0,3,14,0,0,,0,0,0,0,0,0,0,10,3,0,0,0,0,0,0,298
浙江开关厂有限公司,2,0,0,0,1,17,0,0,,0,0,0,0,0,0,0,9,0,0,0,0,5,0,10,413
浙江富安莱建设有限公司,2,0,0,0,3,0,10,0,,0,3,0,0,0,1,0,9,3,0,3,5,0,0,0,517
浙江索福工贸有限公司,2,0,0,0,0,14,0,0,,0,0,0,0,0,0,0,10,3,0,0,0,0,0,0,288
浙江创新建设有限公司,2,0,0,0,3,0,13,0,,0,4,0,0,0,0,0,9,1,1,4,2,0,0,0,528
浙江领航市政工程有限公司,2,0,0,0,3,18,13,0,,0,4,0,0,0,0,0,14,2,1,4,3,5,0,0,591
浙江海航建设有限公司,2,0,0,0,3,0,9,0,,0,3,0,0,0,0,0,13,3,0,3,3,0,0,0,521
浙江上风实业股份有限公司,2,0,0,0,0,16,0,0,,0,0,0,0,0,0,0,9,3,2,0,0,0,0,0,288
浙江爱嘉机电设备有限公司,2,0,0,0,3,0,0,0,,0,0,0,0,0,0,0,9,3,0,0,0,0,0,0,285
浙江艾耐特机械有限公司,2,0,0,0,2,15,0,0,,0,0,0,0,0,0,0,8,3,0,0,0,0,0,0,293
浙江八方电信有限公司,2,0,0,0,1,20,22,0,6,0,3,0,0,0,1,0,13,1,1,3,2,38,0,7,650
浙江快速电梯有限公司,2,0,0,0,0,0,0,0,,0,0,0,0,0,0,0,9,1,1,0,0,20,0,10,411
浙江亿邦钢构制造有限公司,2,0,0,0,3,15,4,0,,0,3,0,0,0,0,0,9,3,0,3,1,0,0,0,507
浙江五一建设有限公司,2,0,0,0,3,16,19,0,1,0,3,0,0,0,1,0,8,3,1,3,3,0,0,10,549
浙江飞鱼实业有限公司,2,0,0,0,0,21,0,0,2,0,0,0,0,0,0,0,7,3,0,0,0,0,0,8,322
浙江富士通电梯有限公司,2,0,0,0,3,13,0,0,,0,0,0,0,0,0,0,8,3,0,0,0,0,0,10,338
浙江东城建筑工程有限公司,2,0,0,0,3,16,26,0,,0,3,0,0,0,3,0,7,1,2,3,4,0,0,1,492
浙江水力建设有限公司,2,0,0,0,3,0,2,0,,0,4,0,0,0,0,0,7,3,0,4,1,0,0,4,497
浙江万马股份有限公司,2,0,0,0,1,21,0,0,14,0,0,0,0,0,0,0,10,3,1,0,0,29,0,10,433
浙江威斯汀电梯有限公司,2,0,0,0,3,0,0,0,,0,0,0,0,0,0,0,6,3,0,0,0,0,0,0,286
浙江启程建设有限公司,2,0,0,0,3,0,12,0,,0,3,0,0,0,2,0,13,3,2,3,4,0,0,2,472
浙江三联建设有限公司,2,0,0,0,3,18,0,0,1,0,0,0,0,0,0,0,5,3,0,0,0,0,0,10,340
浙江海蓝建设有限公司,2,0,0,0,3,19,15,0,1,0,2,0,0,0,0,0,7,3,0,2,4,0,0,8,546
浙江屹立电梯有限公司,2,0,0,0,3,18,0,0,,0,0,0,0,0,0,0,6,3,0,0,0,4,0,1,353
浙江圣洁建设有限公司,2,0,0,0,3,0,3,0,1,0,4,0,0,0,0,0,6,3,0,4,1,0,0,0,478
浙江弘毅建设有限公司,2,0,0,0,0,0,21,0,,0,3,0,0,0,0,0,9,0,4,3,7,0,0,0,522
浙江金盾风机股份有限公司,2,0,0,0,2,12,0,0,,0,0,0,0,0,0,0,7,3,1,0,0,5,0,10,413
浙江国星钢构有限公司,2,0,0,0,0,20,8,0,,0,2,0,0,0,0,0,7,0,0,2,2,0,0,0,527
浙江红海建设有限公司,2,0,0,0,3,11,20,0,,0,3,0,0,0,0,0,27,3,1,3,6,0,0,1,547
浙江正大钢结构有限公司,2,0,0,0,3,15,3,0,2,0,3,0,0,0,0,0,5,3,0,3,1,0,0,1,516
浙江南华电器有限公司,2,0,0,0,3,0,0,0,,0,0,0,0,0,0,0,5,3,1,0,0,0,0,2,307
浙江水电建设有限公司,2,0,0,0,3,16,0,0,,0,0,0,0,0,0,0,5,3,0,0,0,0,0,0,288
浙江大丰管网有限公司,2,0,0,0,3,13,9,0,,0,3,0,0,0,0,0,5,3,0,3,2,0,0,0,527
浙江良友水利工程有限公司,2,0,0,0,3,0,9,0,,0,4,0,0,0,0,0,5,3,0,4,1,0,0,0,497
浙江快讯电子有限公司,2,0,0,0,3,26,3,0,1,0,3,0,0,0,0,0,5,3,0,3,2,0,0,10,579
浙江电力变压器有限公司,2,0,0,0,2,21,0,0,1,0,0,0,0,0,0,0,5,3,0,0,0,10,0,10,405
浙江华安建设有限公司,2,0,0,0,3,0,22,0,,0,3,0,0,0,1,0,4,3,1,3,9,0,0,8,543
浙江中亚实业有限公司,2,0,0,0,3,19,0,0,,0,0,0,0,0,0,0,4,2,0,0,0,1,0,10,363
浙江南方钢结构有限公司,2,0,0,0,3,19,18,0,,0,2,0,0,0,0,0,5,3,1,2,3,0,0,0,567
浙江久立钢构工程有限公司,2,0,0,0,2,16,23,0,,0,2,1,0,0,0,0,5,3,1,2,1,0,0,4,587
浙江沪菱机电有限公司,2,0,0,0,3,0,0,0,,0,0,0,0,0,0,0,4,3,1,0,0,0,0,0,297
浙江临海机械有限公司,2,0,0,0,2,16,0,0,1,0,0,0,0,0,0,0,7,0,0,0,0,0,0,10,350
浙江神韵装饰有限公司,2,0,0,0,0,0,4,0,,0,3,0,0,0,0,0,6,3,0,3,1,0,0,0,491
浙江爱力浦科技股份有限公司,2,0,0,0,3,20,0,0,4,0,0,0,0,0,0,0,5,3,0,0,0,3,0,10,406
浙江天行健水务有限公司,2,0,0,0,3,0,13,0,,0,3,0,0,0,0,0,6,2,0,3,5,0,0,1,541
浙江金凯德实业有限公司,2,0,0,0,3,0,0,0,,0,0,0,0,0,0,0,6,3,1,0,0,0,0,10,341
浙江远望科技有限公司,2,0,0,0,0,18,16,0,,0,2,0,0,0,0,0,4,3,0,2,2,0,0,10,543
浙江曙光灯具有限公司,2,0,0,0,3,17,0,0,,0,0,0,0,0,0,0,4,3,0,0,0,0,0,5,313
浙江南源矿建有限公司,2,0,0,0,3,0,10,0,2,0,3,0,0,0,0,0,7,0,2,3,1,0,0,0,513
浙江江山变压器股份有限公司,2,0,0,0,3,18,0,0,2,0,0,0,0,0,0,0,4,3,0,0,0,1,0,6,342
浙江百诚机电设备有限公司,2,0,0,0,0,0,0,0,,0,0,0,0,0,0,0,4,3,0,0,0,0,0,0,268
浙江同方建筑设计有限公司,2,0,0,0,3,24,1,0,,0,0,0,0,0,0,0,4,1,0,4,2,0,0,2,358
浙江寿建筑工程有限公司,2,0,0,0,0,0,0,0,,0,0,0,0,0,0,0,4,3,0,0,0,0,0,0,268
浙江煤炭测绘院,2,0,0,0,2,28,0,0,,0,0,0,0,0,0,0,6,3,0,0,0,0,0,0,293
浙江教育用品发展有限公司,2,0,0,0,3,24,0,0,,0,0,0,0,0,0,0,5,3,0,0,0,0,0,0,288
浙江中通通信有限公司,2,0,0,0,2,11,3,0,,0,3,0,0,0,0,0,5,3,0,3,1,0,0,10,537
浙江福莱福高新材料有限公司,2,0,0,0,3,17,0,0,1,0,0,0,0,0,0,0,4,3,0,0,0,0,0,0,290
浙江现代新能源有限公司,2,0,0,0,3,13,0,0,3,0,0,0,0,0,0,0,4,3,0,0,0,0,0,10,344
浙江汇银机电设备有限公司,2,0,0,0,3,0,0,0,,0,0,0,0,0,0,0,5,3,1,0,0,0,0,0,296
中机国能浙江工程有限公司,2,0,0,0,1,0,2,0,,0,4,0,0,0,0,0,9,2,2,4,3,0,0,10,579
浙江三荣门业有限公司,2,0,0,0,2,12,0,0,2,0,0,0,0,0,0,0,4,3,0,0,0,0,0,3,312
浙江爱科乐环保有限公司,2,0,0,0,3,0,7,0,,0,3,0,0,0,0,0,4,3,0,3,4,3,0,0,596
浙江锐亿工贸有限公司,2,0,0,0,2,0,0,0,,0,0,0,0,0,0,0,4,3,0,0,0,0,0,0,285
浙江大维高新技术股份有限公司,2,0,0,0,3,14,0,0,,0,0,0,0,0,0,0,4,3,2,0,0,0,0,0,298
浙江天生钢结构有限公司,2,0,0,0,3,21,1,0,,0,2,0,0,0,0,0,3,3,0,2,2,0,0,1,527
浙江名源龙盛有限公司,2,0,0,0,0,0,0,0,,0,0,0,0,0,0,0,3,3,0,0,0,0,0,0,268
浙江武义万华门业有限公司,2,0,0,0,3,12,0,0,,0,0,0,0,0,0,0,3,3,0,0,0,0,0,3,303
浙江寅力机电设备有限公司,2,0,0,0,3,0,0,0,,0,0,0,0,0,1,0,3,3,0,0,0,0,0,0,265
浙江飞友康体设备有限公司,2,0,0,0,3,12,0,0,,0,0,0,0,0,0,0,3,3,0,0,0,46,0,7,383
浙江禾业机电工程有限公司,2,0,0,0,3,0,0,0,,0,0,0,0,0,3,0,3,0,1,0,0,0,0,0,231
浙江虞舜建设有限公司,2,0,0,0,3,13,10,0,1,0,3,0,0,0,1,0,4,3,0,3,3,3,0,1,562
浙江宝地建设有限公司,2,0,0,0,0,0,0,0,,0,0,0,0,0,0,0,3,3,0,0,0,0,0,0,268
浙江爱建机电设备有限公司,2,0,0,0,3,14,0,0,2,0,0,0,0,0,0,0,4,3,0,0,0,0,0,0,292
浙江环宇装潢有限公司,2,0,0,0,3,17,11,0,,0,3,2,0,0,1,0,25,3,1,3,2,0,0,2,511
浙江城建科技有限公司,2,0,0,0,2,14,5,0,,0,3,0,0,0,0,0,3,3,0,3,2,0,0,10,582
浙江法斯特电梯有限公司,2,0,0,0,3,0,0,0,,0,0,0,0,0,0,0,3,1,0,0,0,25,0,1,369
浙江通建设股份有限公司,2,0,0,0,2,0,0,0,,0,0,0,0,0,0,0,3,3,0,0,0,0,0,0,291
浙江戈尔塑业有限公司,2,0,0,0,3,0,0,0,,0,0,0,0,0,0,0,3,3,0,0,0,0,0,0,284
浙江丽都建筑工程有限公司,2,0,0,0,3,0,5,0,,0,3,0,0,0,0,0,4,3,0,3,2,0,0,0,506
浙江金意达实业有限公司,2,0,0,0,0,21,0,0,,0,0,0,0,0,0,0,3,3,0,0,0,0,0,0,278
浙江萬裏建設工程有限公司,2,0,0,0,0,0,0,0,,0,0,0,0,0,0,0,3,3,0,0,0,0,0,0,268
浙江盾安机电科技有限公司,2,0,0,0,0,0,0,0,,0,0,0,0,0,0,0,3,3,0,0,0,0,0,0,276
浙江必胜建设有限公司,2,0,0,0,3,0,7,0,,0,4,0,0,0,0,0,4,3,0,4,2,0,0,0,502
浙江中南园林绿化有限公司,2,0,0,0,2,0,6,0,,0,3,0,0,0,0,0,3,3,1,3,3,0,0,2,540
浙江伟荣家电有限公司,2,0,0,0,3,14,0,0,,0,0,0,0,0,0,0,3,3,0,0,0,0,0,0,288
浙江德安科技股份有限公司,2,0,0,0,3,0,8,0,2,0,4,0,0,0,0,0,7,0,2,4,3,12,0,3,596
浙江三迅机电设备有限公司,2,0,0,0,3,12,0,0,,0,0,0,0,0,0,0,2,3,0,0,0,0,0,0,288
浙江方圆造船有限公司,2,0,0,0,3,11,0,0,4,0,0,0,0,0,0,0,2,3,1,0,0,3,0,10,416
浙江华丰公司,2,0,0,0,2,0,0,0,,0,0,0,0,0,0,0,2,3,0,0,0,0,0,0,286
浙江汉城建设有限公司,2,0,0,0,0,0,0,0,,0,0,0,0,0,0,0,5,3,0,0,0,0,0,0,268
浙江中广机电工程有限公司,2,0,0,0,3,0,0,0,1,0,0,0,0,0,0,0,2,3,0,0,0,0,0,0,289
浙江秀水环保有限公司,2,0,0,0,3,14,27,0,,0,4,0,0,0,0,0,58,1,6,4,5,0,0,1,566
浙江迪斯威电气有限公司,2,0,0,0,0,0,0,0,,0,0,0,0,0,0,0,2,3,0,0,0,0,0,0,268
浙江城信建工有限公司,2,0,0,0,0,0,0,0,,0,0,0,0,0,0,0,2,3,0,0,0,0,0,0,268
浙江万公华建设有限公司,2,0,0,0,0,0,0,0,,0,0,0,0,0,0,0,2,3,0,0,0,0,0,0,268
浙江生态绿洲股份有限公司,2,0,0,0,0,0,0,0,,0,0,0,0,0,0,0,2,3,0,0,0,0,0,0,268
浙江秦山橡胶工程股份有限公司,2,0,0,0,3,17,0,0,,0,0,0,0,0,0,0,2,3,0,0,0,2,0,2,338
浙江康明斯电气有限公司,2,0,0,0,0,0,0,0,,0,0,0,0,0,0,0,2,1,0,0,0,0,0,0,289
浙江奥菱达伟肯电梯有限公司,2,0,0,0,0,0,0,0,,0,0,0,0,0,0,0,2,0,0,0,0,0,0,0,282
浙江鼎旺坏境建设有限公司,2,0,0,0,0,0,0,0,,0,0,0,0,0,0,0,2,3,1,0,0,0,0,0,278
浙江立升涂料有限责任公司,2,0,0,0,3,17,0,0,1,0,0,0,0,0,0,0,2,3,0,0,0,0,0,0,290
浙江公路技师学院,2,0,0,0,0,19,0,0,,0,0,0,0,0,0,0,2,3,0,0,0,0,0,0,278
浙江金凯德工贸有限公司,2,0,0,0,0,0,0,0,1,0,0,0,0,0,0,0,2,3,0,0,0,4,0,10,390
浙江鼎科技有限公司,2,0,0,0,2,0,0,0,,0,0,0,0,0,0,0,2,3,0,0,0,0,0,0,293
浙江天力钢构制造有限公司,2,0,0,0,3,0,3,0,,0,3,0,0,0,0,0,2,3,0,3,2,0,0,0,508
浙江南国钢结构有限公司,2,0,0,0,0,0,0,0,,0,0,0,0,0,0,0,2,3,0,0,0,0,0,0,268
浙江大舜道桥加固有限公司,2,0,0,0,0,0,0,0,,0,0,0,0,0,0,0,2,3,0,0,0,0,0,0,268
浙江中控科教仪器设备有限公司,2,0,0,0,0,15,0,0,1,0,0,0,0,0,0,0,2,3,0,0,0,5,0,7,375
浙江电化教育发展有限公司,2,0,0,0,0,0,0,0,,0,0,0,0,0,0,0,2,3,0,0,0,0,0,0,268
浙江恒杰椅业有限公司,2,0,0,0,3,18,0,0,,0,0,0,0,0,0,0,2,3,0,0,0,2,0,1,333
浙江瀚天石文化发展有限公司,2,0,0,0,3,11,0,0,,0,0,0,0,0,0,0,2,3,0,0,0,0,0,0,288
浙江亿利达风机股份有限公司,2,0,0,0,3,22,0,0,8,0,0,0,0,0,0,0,2,3,1,0,0,9,0,10,418
浙江香乡门业有限公司,2,0,0,0,3,11,0,0,,0,0,0,0,0,0,0,2,3,0,0,0,0,0,1,293
浙江开喜门业有限公司,2,0,0,0,3,19,0,0,,0,0,0,0,0,0,0,2,3,0,0,0,0,0,0,288
浙江西城工程设计有限公司,2,0,0,0,3,0,0,0,,0,0,0,0,0,0,0,11,1,5,4,2,0,0,10,417
浙江联丰股份有限公司,2,0,0,0,0,16,0,0,,0,0,0,0,0,0,0,2,3,0,0,0,0,0,0,278
浙江万方建设有限公司,2,0,0,0,0,0,0,0,,0,0,0,0,0,0,0,2,1,0,0,0,0,0,0,288
浙江双雄门业有限公司,2,0,0,0,3,14,0,0,,0,0,0,0,0,0,0,2,3,0,0,0,0,0,0,288
浙江滨江建设有限公司,2,0,0,0,2,23,0,0,,0,0,0,0,0,0,0,2,3,0,0,0,0,0,10,343
浙江明珠科技有限公司,2,0,0,0,0,0,0,0,,0,0,0,0,0,0,0,2,3,0,0,0,0,0,0,277
浙江大金钢构有限公司,2,0,0,0,3,16,15,0,,0,2,0,0,0,0,0,2,3,0,2,2,0,0,2,552
浙江恒生建设有限公司,2,0,0,0,0,12,0,0,,0,0,0,0,0,0,0,2,3,0,0,0,0,0,0,278
浙江金联达建筑工程有限公司,2,0,0,0,0,0,0,0,,0,0,0,0,0,0,0,2,3,0,0,0,0,0,0,268
浙江上风冷却塔有限公司,2,0,0,0,3,13,0,0,1,0,0,0,0,0,0,0,2,3,0,0,0,1,0,3,325
浙江元奥机电有限公司,2,0,0,0,3,0,0,0,,0,0,0,0,0,0,0,2,3,1,0,0,0,0,0,291
浙江美洁工贸有限公司,2,0,0,0,3,13,0,0,,0,0,0,0,0,0,0,2,3,0,0,0,0,0,0,288
浙江华建设有限公司,2,0,0,0,2,0,0,0,,0,0,0,0,0,0,0,2,3,0,0,0,0,0,0,285
浙江中亚交通发展有限公司,2,0,0,0,3,0,0,0,2,0,0,0,0,0,0,0,2,3,0,0,0,0,0,0,292
浙江路德建设股份有限公司,2,0,0,0,3,0,7,0,1,0,4,0,0,0,0,0,2,3,0,4,1,0,0,5,518
浙江飞捷工贸有限公司,2,0,0,0,3,0,0,0,,0,0,0,0,0,0,0,3,3,0,0,0,0,0,0,285
浙江洪福环保有限公司,2,0,0,0,0,0,0,0,,0,0,0,0,0,0,0,2,0,0,0,0,0,0,0,273
浙江远望电子有限公司,2,0,0,0,1,13,0,0,,0,0,0,0,0,0,0,2,3,0,0,0,0,0,0,298
浙江灵动广告有限公司,2,0,0,0,3,13,0,0,,0,0,0,0,0,0,0,2,3,0,0,0,0,0,4,308
浙江寰宇建设有限公司,2,0,0,0,0,0,0,0,,0,0,0,0,0,0,0,2,3,0,0,0,0,0,0,268
浙江贝尔技术有限公司,2,0,0,0,2,23,0,0,,0,0,0,0,0,0,0,2,1,0,0,0,2,0,7,388
浙江新天地绿化有限公司,2,0,0,0,3,18,0,0,,0,0,0,0,0,0,0,1,3,0,0,0,0,0,0,288
浙江五饼二鱼实业有限公司,2,0,0,0,3,0,0,0,,0,0,0,0,0,0,0,3,3,0,0,0,0,0,1,291
浙江六洁集团公司,2,0,0,0,0,0,0,0,,0,0,0,0,0,0,0,2,3,0,0,0,0,0,0,268
浙江信江暖通工程有限公司,2,0,0,0,3,0,0,0,,0,0,0,0,0,0,0,2,3,0,0,0,0,0,0,286
浙江金川园林绿化有限公司,2,0,0,0,0,0,0,0,,0,0,0,0,0,0,0,2,3,0,0,0,0,0,0,268
浙江龙邦塑业有限公司,2,0,0,0,0,0,0,0,,0,0,0,0,0,0,0,2,3,0,0,0,0,0,0,271
浙江汲泉泵业有限公司,2,0,0,0,3,0,0,0,,0,0,0,0,0,0,0,4,3,1,0,0,6,0,0,349
浙江新中环建筑设计有限公司,2,0,0,0,3,14,1,0,1,0,0,0,0,0,0,0,2,3,0,4,4,0,0,4,350
浙江万众商贸有限公司,2,0,0,0,3,17,0,0,,0,0,0,0,0,0,0,2,3,0,0,0,0,0,0,288
浙江五星太阳能有限公司,2,0,0,0,3,0,0,0,,0,0,0,0,0,1,0,2,3,0,0,0,0,0,0,268
浙江华业韶阳建材有限公司,2,0,0,0,0,0,0,0,,0,0,0,0,0,0,0,2,3,0,0,0,0,0,0,268
浙江绿地生态建设发展有限公司,2,0,0,0,3,21,0,0,,0,0,0,0,0,0,0,2,3,0,0,0,0,0,0,288
浙江永康博凯工贸有限公司,2,0,0,0,3,12,0,0,1,0,0,0,0,0,0,0,2,3,0,0,0,0,0,0,290
浙江百士迪科技有限公司,2,0,0,0,3,0,0,0,,0,0,0,0,0,0,0,2,3,0,0,0,1,0,0,307
浙江创佳暖通科技有限公司,2,0,0,0,3,13,0,0,,0,0,0,0,0,0,0,1,3,0,0,0,0,0,0,288
浙江辅网架股份有限公司,2,0,0,0,0,0,0,0,,0,0,0,0,0,0,0,1,3,0,0,0,0,0,0,268
浙江乐叶光伏科技有限公司,2,0,0,0,3,0,0,0,,0,0,0,0,0,0,0,1,3,0,0,0,0,0,10,338
浙江瑞晨有限公司,2,0,0,0,0,0,0,0,,0,0,0,0,0,0,0,0,0,0,0,0,0,0,0,258
浙江三名兴港建设有限公司,2,0,0,0,0,0,0,0,,0,0,0,0,0,0,0,1,3,1,0,0,0,0,0,278
浙江南方建筑设计有限公司,2,0,0,0,3,18,1,0,16,0,0,0,0,0,0,0,2,3,1,4,2,0,0,10,388
浙江电力电子技术有限公司,2,0,0,0,2,23,2,0,,0,3,0,0,0,0,0,2,3,0,3,1,0,0,10,557
浙江隆泰门业有限公司,2,0,0,0,1,18,0,0,1,0,0,0,0,0,0,0,1,3,0,0,0,0,0,5,325
浙江哈博特商贸有限公司,2,0,0,0,0,0,0,0,,0,0,0,0,0,0,0,1,3,0,0,0,0,0,0,268
浙江吕氏管业有限公司,2,0,0,0,3,0,0,0,,0,0,0,0,0,0,0,1,3,0,0,0,0,0,10,338
浙江汇银机电有限公司,2,0,0,0,0,0,0,0,,0,0,0,0,0,0,0,1,3,0,0,0,0,0,0,268
浙江沪凌机电有限公司,2,0,0,0,0,0,0,0,,0,0,0,0,0,0,0,1,3,1,0,0,0,0,0,278
浙江金城建设有限公司,2,0,0,0,0,0,0,0,,0,0,0,0,0,0,0,1,3,0,0,0,0,0,0,268
浙江华安安全设备有限公司,2,0,0,0,3,17,0,0,1,0,0,0,0,0,0,0,1,3,0,0,0,4,0,4,370
浙江品鉴赏有限公司,2,0,0,0,0,0,0,0,,0,0,0,0,0,0,0,1,3,0,0,0,0,0,0,268
浙江新华市政建设工程公司,2,0,0,0,0,0,0,0,,0,0,0,0,0,0,0,1,3,0,0,0,0,0,0,268
浙江荣升能源发展有限公司,2,0,0,0,3,14,0,0,,0,0,0,0,0,0,0,1,3,0,0,0,0,0,0,288
浙江兴城房地产开发有限公司,2,0,0,0,3,23,0,0,2,0,0,0,0,0,0,0,1,3,0,0,0,0,0,0,292
浙江浙大中控信息技术发展有限公司,2,0,0,0,0,0,0,0,,0,0,0,0,0,0,0,0,0,0,0,0,0,0,0,258
浙江邦德奕博建设有限公司,2,0,0,0,0,0,0,0,,0,0,0,0,0,0,0,1,3,0,0,0,0,0,0,268
浙江红博苑投资有限公司,2,0,0,0,0,0,0,0,,0,0,0,0,0,0,0,1,3,0,0,0,0,0,0,275
浙江斯蒂特新能源有限公司,2,0,0,0,0,0,0,0,,0,0,0,0,0,0,0,1,3,0,0,0,0,0,0,268
浙江新飞跃股份有限公司,2,0,0,0,3,0,0,0,,0,0,0,0,0,0,0,1,3,0,0,0,1,0,6,336
浙江永康市隆泰门业有限公司,2,0,0,0,0,0,0,0,,0,0,0,0,0,0,0,1,3,0,0,0,0,0,0,268
浙江久立乔兴钢结构有限公司,2,0,0,0,0,0,0,0,,0,0,0,0,0,0,0,1,3,0,0,0,0,0,0,268
浙江福华实业有限公司,2,0,0,0,3,0,0,0,,0,0,0,0,0,0,0,1,3,0,0,0,0,0,0,285
浙江天顺建筑工程有限公司,2,0,0,0,3,20,0,0,,0,0,0,0,0,0,0,1,3,0,0,0,0,0,0,288
浙江腾跃有限公司,2,0,0,0,3,0,0,0,,0,0,0,0,0,0,0,1,3,0,0,0,0,0,0,288
浙江天睿工贸有限公司,2,0,0,0,3,0,0,0,,0,0,0,0,0,0,0,1,3,0,0,0,0,0,0,286
浙江天元建设有限公司,2,0,0,0,3,29,0,0,,0,0,0,0,0,0,0,1,3,0,0,0,0,0,0,288
浙江新嘉美电器有限公司,2,0,0,0,3,0,0,0,,0,0,0,0,0,0,0,1,3,0,0,0,0,0,0,287
浙江四通信息技术有限公司,2,0,0,0,3,22,0,0,,0,0,0,0,0,0,0,1,3,0,0,0,0,0,10,338
浙江孚泰机电设备有限公司,2,0,0,0,2,18,0,0,,0,0,0,0,0,0,0,1,3,0,0,0,0,0,0,293
浙江西直门电梯有限公司,2,0,0,0,1,0,0,0,,0,0,0,0,0,0,0,3,0,1,0,0,14,0,0,361
浙江申康管业有限公司,2,0,0,0,0,13,0,0,,0,0,0,0,0,0,0,1,3,0,0,0,0,0,4,298
浙江交通职业技术学院,2,0,0,0,0,33,0,0,,0,0,0,0,0,0,0,1,3,0,0,0,0,0,0,278
浙江浙萧钢构工程有限公司,2,0,0,0,0,11,3,0,,0,3,0,0,0,0,0,1,3,1,3,1,0,0,0,507
浙江辽远设备有限公司,2,0,0,0,0,0,0,0,,0,0,0,0,0,0,0,1,3,0,0,0,0,0,0,268
浙江三棱塑胶有限公司,2,0,0,0,0,11,0,0,,0,0,0,0,0,0,0,1,3,0,0,0,0,0,0,278
浙江逸龙剑圣有限公司,2,0,0,0,0,0,0,0,,0,0,0,0,0,0,0,1,3,0,0,0,0,0,0,268
浙江会稽山广告有限公司,2,0,0,0,3,20,0,0,,0,0,0,0,0,0,0,1,3,0,0,0,0,0,0,288
浙江枫叶集团有限公司,2,0,0,0,3,11,0,0,,0,0,0,0,0,0,0,1,3,0,0,0,0,0,0,288
浙江新港工程有限公司,2,0,0,0,3,0,0,0,,0,0,0,0,0,0,0,1,3,0,0,0,0,0,0,286
浙江日建设有限公司,2,0,0,0,3,0,0,0,,0,0,0,0,0,0,0,1,3,0,0,0,0,0,0,285
浙江易木居门业有限公司,2,0,0,0,3,0,0,0,,0,0,0,0,0,0,0,1,3,0,0,0,0,0,4,300
浙江鸿翔水林建设有限公司,2,0,0,0,0,0,0,0,,0,0,0,0,0,0,0,1,3,0,0,0,0,0,0,268
浙江联成建设有限公司,2,0,0,0,0,0,0,0,,0,0,0,0,0,0,0,1,3,0,0,0,0,0,0,268
浙江永能塑业有限公司,2,0,0,0,3,0,0,0,,0,0,0,0,0,0,0,1,3,0,0,0,0,0,0,287
浙江伯利恒仪器设备有限公司,2,0,0,0,3,0,0,0,,0,0,0,0,0,0,0,2,0,0,0,0,1,0,0,313
浙江华汇安装公司,2,0,0,0,3,14,0,0,,0,0,0,0,0,0,0,1,3,0,0,0,0,0,0,288
浙江浙大中控信息有限公司,2,0,0,0,0,0,0,0,,0,0,0,0,0,0,0,1,3,0,0,0,0,0,0,278
浙江白云建设有限公司,2,0,0,0,0,0,0,0,,0,0,0,0,0,0,0,1,3,0,0,0,0,0,0,268
浙江东海岸有限公司,2,0,0,0,2,0,0,0,,0,0,0,0,0,0,0,1,3,0,0,0,0,0,0,293
浙江楚天科技有限公司,2,0,0,0,0,0,0,0,,0,0,0,0,0,0,0,1,0,0,0,0,0,0,0,273
浙江精锐智能卡有限公司,2,0,0,0,3,14,0,0,,0,0,0,0,0,0,0,1,3,0,0,0,4,0,1,353
浙江东创高科电气有限公司,2,0,0,0,3,15,3,0,,0,3,0,0,0,0,0,2,3,0,3,2,0,0,0,527
浙江工大盈码科技发展有限公司,2,0,0,0,0,0,0,0,,0,0,0,0,0,0,0,1,3,0,0,0,0,0,0,275
浙江万客隆商贸有限公司,2,0,0,0,3,12,0,0,1,0,0,0,0,0,0,0,1,3,0,0,0,0,0,4,310
浙江武强建筑有限公司,2,0,0,0,0,0,0,0,,0,0,0,0,0,0,0,1,3,0,0,0,0,0,0,268
浙江浙大万朋软件有限公司,2,0,0,0,2,20,0,0,,0,0,0,0,0,0,0,1,3,0,0,0,5,0,2,363
浙江立城有限公司,2,0,0,0,3,22,0,0,,0,0,0,0,0,0,0,1,3,0,0,0,0,0,0,288
浙江金盾电器有限公司,2,0,0,0,3,16,0,0,,0,0,0,0,0,0,0,1,3,0,0,0,0,0,10,338
浙江永创工贸有限公司,2,0,0,0,0,0,0,0,,0,0,0,0,0,0,0,2,3,0,0,0,0,0,0,278
浙江市鑫隆路桥建设有限公司,2,0,0,0,1,11,0,0,,0,0,0,0,0,0,0,1,3,0,0,0,0,0,0,298
浙江嵊洲市市政工程公司,2,0,0,0,0,0,0,0,,0,0,0,0,0,0,0,1,3,0,0,0,0,0,0,268
浙江五洲科技有限公司,2,0,0,0,3,0,0,0,,0,0,0,0,0,0,0,1,3,0,0,0,0,0,0,278
浙江东润机电设备有限公司,2,0,0,0,3,11,0,0,,0,0,0,0,0,0,0,1,3,0,0,0,0,0,0,288
浙江德安新技术发展有限公司,2,0,0,0,3,22,0,0,4,0,0,0,0,0,0,0,1,3,0,0,0,0,0,0,296
浙江春红工贸有限公司,2,0,0,0,0,14,0,0,,0,0,0,0,0,0,0,1,3,0,0,0,0,0,2,288
浙江会合建材有限公司,2,0,0,0,3,20,0,0,,0,0,0,0,0,0,0,1,3,0,0,0,0,0,10,338
浙江荣城涂装机械有限公司,2,0,0,0,3,13,0,0,,0,0,0,0,0,0,0,1,3,0,0,0,4,0,0,348
浙江暨诺管业有限公司,2,0,0,0,3,0,0,0,,0,0,0,0,0,0,0,1,3,0,0,0,0,0,0,282
浙江东阳三公司,2,0,0,0,0,0,0,0,,0,0,0,0,0,0,0,1,3,0,0,0,0,0,0,268
浙江武义楼龙工贸有限公司,2,0,0,0,3,13,0,0,,0,0,0,0,0,0,0,1,3,0,0,0,0,0,0,288
浙江大力建设有限公司,2,0,0,0,2,0,0,0,,0,0,0,0,0,0,0,1,3,0,0,0,0,0,0,292
浙江大禹信息技术有限公司,2,0,0,0,2,15,0,0,,0,0,0,0,0,0,0,2,3,0,0,0,0,0,8,333
浙江福临旺家新能源有限公司,2,0,0,0,2,0,0,0,,0,0,0,0,0,0,0,1,3,0,0,0,0,0,0,292
浙江中建筑工程有限公司,2,0,0,0,0,0,0,0,,0,0,0,0,0,0,0,1,3,0,0,0,0,0,0,268
浙江桃园园林有限公司,2,0,0,0,0,0,0,0,,0,0,0,0,0,0,0,1,3,0,0,0,0,0,0,268
浙江南国石材有限公司,2,0,0,0,3,0,0,0,,0,0,0,0,0,0,0,1,3,0,0,0,0,0,0,285
浙江扬帆建设有限公司,2,0,0,0,3,11,10,0,1,0,4,0,0,0,2,0,1,3,0,4,1,0,0,6,493
浙江天元建设股份有限公司,2,0,0,0,3,28,0,0,,0,0,0,0,0,0,0,1,3,0,0,0,0,0,0,288
浙江港湾建设有限公司,2,0,0,0,0,0,0,0,,0,0,0,0,0,0,0,1,3,0,0,0,0,0,0,268
浙江国荣管业有限公司,2,0,0,0,0,0,0,0,,0,0,0,0,0,0,0,1,3,0,0,0,0,0,0,274
浙江铁成工贸有限公司,2,0,0,0,3,12,0,0,,0,0,0,0,0,0,0,1,3,0,0,0,0,0,0,288
浙江祥瑞建设有限公司,2,0,0,0,0,0,0,0,,0,0,0,0,0,0,0,1,3,0,0,0,0,0,0,268
浙江智科技有限公司,2,0,0,0,3,20,0,0,,0,0,0,0,0,0,0,1,3,0,0,0,0,0,0,288
浙江迈勒斯照明有限公司,2,0,0,0,3,18,0,0,2,0,0,0,0,0,0,0,1,3,0,0,0,2,0,1,337
浙江五星电器有限公司,2,0,0,0,2,16,0,0,,0,0,0,0,0,0,0,1,3,0,0,0,0,0,10,343
浙江南方建筑工程有限公司,2,0,0,0,0,0,0,0,,0,0,0,0,0,0,0,1,3,0,0,0,0,0,0,268
浙江广州建设有限公司,3,0,0,0,0,0,0,0,,0,0,0,0,0,0,0,1,3,0,0,0,0,0,0,274
浙江天和建筑设计有限公司,2,0,0,0,1,11,1,0,2,0,0,0,0,0,0,0,1,3,1,4,5,0,0,1,357
浙江华佳国财管道公司,2,0,0,0,0,0,0,0,,0,0,0,0,0,0,0,1,3,0,0,0,0,0,0,268
浙江中科院应用技术研究院,2,0,0,0,2,0,0,0,,0,0,0,0,0,0,0,1,3,0,0,0,0,0,0,288
浙江晶盛机电股份有限公司,2,0,0,0,0,0,0,0,,0,0,0,0,0,0,0,1,3,0,0,0,0,0,0,269
浙江匀碧古建筑工程有限公司,2,0,0,0,3,20,0,0,,0,0,0,0,0,0,0,1,3,0,0,0,0,0,0,288
浙江德玛克机械有限公司,2,0,0,0,0,0,0,0,,0,0,0,0,0,0,0,1,3,0,0,0,0,0,0,268
浙江粤青管业有限公司,2,0,0,0,3,0,0,0,,0,0,0,0,0,0,0,1,3,0,0,0,0,0,0,288
浙江中建设股份有限公司,2,0,0,0,0,0,0,0,,0,0,0,0,0,0,0,1,3,0,0,0,0,0,0,268
浙江舟山跨海大桥有限公司,3,0,0,0,2,13,0,0,,0,0,3,0,0,0,0,1,3,0,0,0,0,0,13,356
浙江嘉兴建设有限公司,3,0,0,0,3,30,0,0,,0,0,0,0,0,0,0,1,3,0,0,0,0,0,0,286
浙江勿忘农种业股份有限公司,2,0,0,0,2,19,0,0,3,0,0,0,0,0,0,0,1,3,0,0,0,0,0,10,349
浙江展威路桥工程有限公司,2,0,0,0,0,0,0,0,,0,0,0,0,0,0,0,1,3,0,0,0,0,0,0,268
浙江天目琴行有限公司,2,0,0,0,3,22,0,0,,0,0,0,0,0,0,0,1,3,0,0,0,0,0,10,338
浙江卓越市政建设有限公司,2,0,0,0,0,0,0,0,,0,0,0,0,0,0,0,1,3,0,0,0,0,0,0,268
浙江坤建设有限公司,2,0,0,0,3,18,0,0,,0,0,0,0,0,0,0,1,3,0,0,0,0,0,0,288
浙江青石集团有限公司,2,0,0,0,3,0,0,0,,0,0,0,0,0,0,0,1,3,0,0,0,0,0,0,286
浙江仁聚机电设备有限公司,2,0,0,0,3,0,0,0,,0,0,0,0,0,0,0,1,1,0,0,0,0,0,0,305
浙江四通计算机有限公司,2,0,0,0,0,0,0,0,,0,0,0,0,0,0,0,1,3,0,0,0,0,0,0,268
浙江正方建设有限公司,2,0,0,0,0,0,0,0,,0,0,0,0,0,0,0,1,3,1,0,0,0,0,0,278
浙江港星石材有限公司,2,0,0,0,3,0,0,0,,0,0,0,0,0,0,0,1,3,0,0,0,0,0,0,283
浙江港澳电梯有限公司,2,0,0,0,0,0,0,0,,0,0,0,0,0,0,0,1,3,0,0,0,0,0,0,268
浙江尚贵泵业有限公司,2,0,0,0,3,21,0,0,,0,0,0,0,0,0,0,1,3,0,0,0,0,0,2,298
浙江新中环建筑工程有限公司,2,0,0,0,0,0,0,0,,0,0,0,0,0,0,0,1,3,0,0,0,0,0,0,268
浙江浩力门业有限公司,2,0,0,0,3,0,0,0,1,0,0,0,0,0,0,0,1,3,0,0,0,0,0,1,295
浙江市美的建筑工程有限公司,2,0,0,0,0,0,0,0,,0,0,0,0,0,0,0,1,3,0,0,0,0,0,0,268
浙江周围装饰有限公司,2,0,0,0,3,12,4,0,,0,3,0,0,0,0,0,1,3,0,3,2,0,0,8,550
浙江宇古建园林有限公司,2,0,0,0,0,0,0,0,,0,0,0,0,0,0,0,1,3,0,0,0,0,0,0,268
浙江富浩管业有限公司,2,0,0,0,3,16,0,0,,0,0,0,0,0,0,0,1,3,0,0,0,1,0,0,308
浙江中路金属制品有限公司,2,0,0,0,3,0,0,0,,0,0,0,0,0,0,0,1,3,0,0,0,0,0,5,307
浙江诚茂机电设备有限公司,2,0,0,0,3,0,0,0,,0,0,0,0,0,0,0,1,3,0,0,0,0,0,0,284
浙江浙森装装饰有限公司,2,0,0,0,0,0,0,0,,0,0,0,0,0,0,0,1,3,0,0,0,0,0,0,268
浙江宏达园林绿化有限公司,2,0,0,0,3,29,0,0,,0,0,0,0,0,0,0,1,3,0,0,0,0,0,0,288
浙江驿路广告有限公司,2,0,0,0,0,0,0,0,,0,0,0,0,0,0,0,1,3,0,0,0,0,0,0,268
浙江常山建筑安装工程公司,2,0,0,0,0,0,0,0,,0,0,0,0,0,0,0,1,3,0,0,0,0,0,0,268
浙江水利水电学院,2,0,0,0,2,0,0,0,,0,0,0,0,0,0,0,1,3,0,0,0,0,0,0,285
浙江斯凯兰科技有限公司,2,0,0,0,0,0,0,0,,0,0,0,0,0,0,0,1,3,1,0,0,0,0,0,284
浙江中开源水泥有限公司,2,0,0,0,0,0,0,0,,0,0,0,0,0,0,0,1,3,0,0,0,0,0,0,268
浙江义乌绣子缘公司,2,0,0,0,0,0,0,0,,0,0,0,0,0,0,0,1,3,0,0,0,0,0,0,268
浙江众创星展电梯有限公司,2,0,0,0,3,0,0,0,,0,0,0,0,0,0,0,1,3,0,0,0,0,0,0,281
浙江绿生态股份有限公司,2,0,0,0,2,18,0,0,,0,0,0,0,0,0,0,1,3,0,0,0,0,0,0,293
浙江大地广告有限公司,2,0,0,0,3,15,0,0,,0,0,0,0,0,0,0,1,3,0,0,0,0,0,0,288
浙江乔兴钢构工程有限公司,2,0,0,0,0,0,0,0,,0,0,0,0,0,0,0,1,3,0,0,0,0,0,0,268
浙江东兴实业有限责任公司,2,0,0,0,2,19,0,0,,0,0,0,0,0,0,0,1,3,0,0,0,0,0,10,343
浙江中科数城软件有限公司,2,0,0,0,2,16,0,0,,0,0,0,0,0,0,0,1,3,0,0,0,0,0,5,318
浙江光通塑业有限公司,2,0,0,0,3,15,0,0,,0,0,0,0,0,0,0,1,3,0,0,0,4,0,1,353
浙江荣欣钢构有限公司,2,0,0,0,3,16,4,0,,0,3,0,0,0,0,0,1,3,0,3,1,0,0,2,517
浙江净源膜科技股份有限公司,2,0,0,0,3,0,0,0,,0,0,0,0,0,0,0,1,3,0,0,0,0,0,3,303
浙江麦浪电气有限公司,2,0,0,0,3,0,0,0,1,0,0,0,0,0,0,0,1,3,0,0,0,2,0,6,357
浙江线桥工程公司,2,0,0,0,0,0,0,0,,0,0,0,0,0,0,0,1,3,0,0,0,0,0,0,268
浙江万新门业有限公司,2,0,0,0,0,0,0,0,,0,0,0,0,0,0,0,1,3,0,0,0,0,0,0,276
浙江大地家私有限公司,2,0,0,0,0,0,0,0,,0,0,0,0,0,0,0,1,3,0,0,0,0,0,0,271
浙江同昌公司,2,0,0,0,3,0,0,0,,0,0,0,0,0,0,0,1,3,0,0,0,0,0,0,282
浙江百惠涛钢结构有限公司,2,0,0,0,0,14,1,0,,0,4,0,0,0,0,0,1,3,0,4,1,0,0,0,487
浙江森禾促业股份有限公司,2,0,0,0,0,0,0,0,,0,0,0,0,0,0,0,1,3,0,0,0,0,0,0,268
浙江大鹰门业有限公司,2,0,0,0,3,17,0,0,,0,0,0,0,0,0,0,1,3,0,0,0,0,0,0,288
浙江铭恒机电设备有限公司,2,0,0,0,3,0,0,0,,0,0,0,0,0,0,0,1,3,0,0,0,0,0,0,284
浙江科旭投资有限公司,2,0,0,0,2,25,0,0,,0,0,0,0,0,0,0,1,3,0,0,0,0,0,0,293
浙江诺亿管业有限公司,2,0,0,0,3,0,0,0,,0,0,0,0,0,0,0,1,3,0,0,0,0,0,0,286
浙江诚兴光伏科技有限公司,2,0,0,0,0,0,0,0,,0,0,0,0,0,0,0,1,3,0,0,0,0,0,0,268
浙江博世华保科技有限公司,2,0,0,0,0,0,0,0,,0,0,0,0,0,0,0,1,3,0,0,0,0,0,0,268
浙江水木华力科技发展有限公司,2,0,0,0,3,13,0,0,,0,0,0,0,0,0,0,1,3,0,0,0,0,0,0,288
浙江华治矿建集团有限公司,2,0,0,0,0,0,0,0,,0,0,0,0,0,0,0,1,3,0,0,0,0,0,0,268
浙江滨海市政工程有限公司,2,0,0,0,0,0,0,0,,0,0,0,0,0,0,0,1,3,0,0,0,0,0,0,268
浙江艾尔柯机电工程有限公司,2,0,0,0,3,0,0,0,,0,0,0,0,0,0,0,1,3,0,0,0,0,0,0,284
浙江荣江建工程有限公司,2,0,0,0,0,0,0,0,,0,0,0,0,0,0,0,1,3,0,0,0,0,0,0,268
浙江林业发展有限公司,2,0,0,0,2,23,0,0,,0,0,0,0,0,0,0,1,3,0,0,0,0,0,0,293
浙江中意电气有限公司,2,0,0,0,3,17,0,0,1,0,0,0,0,0,0,0,1,3,0,0,0,0,0,7,325
浙江鸿福建设有限公司,2,0,0,0,0,0,0,0,,0,0,0,0,0,0,0,1,3,0,0,0,0,0,0,268
浙江联合电梯有限公司,2,0,0,0,0,15,0,0,1,0,0,0,0,0,1,0,1,3,0,0,0,3,0,10,370
浙江泰和建设有限公司,2,0,0,0,0,0,0,0,,0,0,0,0,0,0,0,1,3,0,0,0,0,0,0,268
浙江金迪门业有限公司,2,0,0,0,3,19,0,0,,0,0,0,0,0,0,0,1,3,0,0,0,0,0,0,288
浙江特产金属材料有限公司,2,0,0,0,3,17,0,0,3,0,0,0,0,0,0,0,1,3,0,0,0,0,0,0,294
浙江大陆交通有限公司,2,0,0,0,0,0,0,0,,0,0,0,0,0,0,0,1,3,0,0,0,0,0,0,275
浙江生辉照明有限公司,2,0,0,0,2,13,0,0,3,0,0,0,0,0,0,0,3,3,1,0,0,45,0,10,419
浙江飞易特软件有限公司,2,0,0,0,3,17,0,0,1,0,0,0,0,0,0,0,1,3,0,0,0,1,0,0,310
浙江中信检测有限公司,2,0,0,0,0,12,1,0,,0,0,0,0,0,0,0,1,3,0,4,1,0,0,0,313
浙江天顺玻璃钢有限公司,2,0,0,0,3,15,0,0,,0,0,0,0,0,0,0,1,3,0,0,0,7,0,0,348
浙江财经学院,2,0,0,0,2,25,0,0,,0,0,0,0,0,0,0,1,3,0,0,0,0,0,0,293
浙江斯科能科技股份有限公司,2,0,0,0,1,0,3,0,,0,4,0,0,0,0,0,1,3,0,4,2,0,0,0,506
浙江东方成套有限公司,2,0,0,0,0,0,0,0,,0,0,0,0,0,0,0,1,3,0,0,0,0,0,0,268
浙江港亨输变电有限公司,2,0,0,0,0,0,0,0,,0,0,0,0,0,0,0,1,3,0,0,0,0,0,0,274
浙江中策电缆有限公司,2,0,0,0,3,16,0,0,1,0,0,0,0,0,0,0,1,3,0,0,0,0,0,7,325
浙江银河混凝土有限公司,2,0,0,0,3,11,0,0,,0,4,0,0,0,0,0,0,0,0,4,2,0,0,0,456
浙江基业集团有限公司,2,0,0,0,0,0,0,0,,0,0,0,0,0,0,0,0,0,0,0,0,0,0,0,258
浙江建安有限公司,2,0,0,0,0,0,0,0,,0,0,0,0,0,0,0,0,0,0,0,0,0,0,0,258
浙江永川钢结构有限公司,2,0,0,0,3,0,6,0,,0,3,0,0,0,0,0,2,3,0,3,1,0,0,0,505
浙江精工股份有限公司,2,0,0,0,3,17,0,0,,0,0,0,0,0,0,0,0,0,0,0,0,0,0,0,278
浙江建辉矿建有限公司,2,0,0,0,3,0,17,0,,0,3,0,0,0,0,0,0,0,0,3,1,0,0,0,464
浙江建艺建工有限公司,2,0,0,0,3,0,5,0,,0,4,0,0,0,0,0,0,0,0,4,3,0,0,0,479
浙江天顺钢结构有限公司,2,0,0,0,3,0,2,0,,0,4,0,0,0,1,0,0,0,0,4,1,0,0,0,424
浙江立地新能源有限公司,2,0,0,0,2,0,0,0,,0,4,0,0,0,0,0,0,0,0,4,2,0,0,1,457
浙江捷达钢结构有限公司,2,0,0,0,0,16,4,0,,0,2,0,0,0,1,0,0,0,0,2,2,0,0,0,482
浙江东南钢结构有限公司,2,0,0,0,2,0,5,0,,0,2,0,0,0,0,0,0,0,0,2,1,0,0,9,556
浙江宝龙工贸有限公司,2,0,0,0,0,0,0,0,,0,0,0,0,0,0,0,0,0,0,0,0,0,0,0,264
浙江众合科技股份有限公司,2,0,0,0,1,18,3,0,8,0,4,0,0,0,0,0,0,0,0,4,1,1,0,10,561
浙江衢洲建工集团有限公司,2,0,0,0,0,0,0,0,,0,0,0,0,0,0,0,0,0,0,0,0,0,0,0,258
浙江丰众新墙材有限公司,2,0,0,0,3,0,0,0,,0,0,0,0,0,0,0,0,0,0,0,0,0,0,0,276
浙江上峰建材有限公司,2,0,0,0,2,14,0,0,4,0,0,0,0,0,0,0,0,0,0,0,0,0,0,10,341
浙江东海岸国艺有限公司,2,0,0,0,0,0,0,0,,0,0,0,0,0,0,0,0,0,0,0,0,0,0,0,258
浙江金秋电气有限公司,2,0,0,0,3,0,0,0,,0,0,0,0,0,0,0,0,0,0,0,0,0,0,1,279
浙江中建路桥设备有限公司,2,0,0,0,0,12,1,0,,0,4,0,0,0,0,0,0,0,0,4,4,7,0,4,398
浙江绿洲网络有限公司,2,0,0,0,0,0,0,0,,0,0,0,0,0,0,0,0,0,0,0,0,0,0,0,268
浙江中联古建园林公司,2,0,0,0,2,16,0,0,,0,0,0,0,0,0,0,0,0,0,0,0,0,0,0,283
浙江中天集团公司,2,0,0,0,2,23,0,0,,0,0,0,0,0,0,0,0,0,0,0,0,0,0,0,283
浙江黄岩自来水公司,2,0,0,0,2,28,8,0,,0,4,0,0,0,0,0,0,0,0,4,1,0,0,3,501
浙江东港科技发展有限公司,2,0,0,0,3,13,2,0,,0,3,0,0,0,0,0,1,3,0,3,1,0,0,10,542
浙江中海纳建设有限公司,2,0,0,0,0,0,0,0,,0,0,0,0,0,0,0,0,0,0,0,0,0,0,0,258
浙江东阳民用建筑工程公司,2,0,0,0,0,0,0,0,,0,0,0,0,0,0,0,0,0,0,0,0,0,0,0,258
浙江畅通科技有限公司,2,0,0,0,3,15,0,0,,0,0,0,0,0,0,0,0,0,0,0,0,11,0,10,388
浙江三鼎公司,2,0,0,0,3,38,0,0,,0,0,0,0,0,0,0,0,0,0,0,0,0,0,0,278
浙江万纳神核机电工程有限公司,2,0,0,0,0,0,0,0,,0,3,0,0,0,0,0,0,0,0,3,1,0,0,0,442
浙江森禾股份有限公司,2,0,0,0,2,17,0,0,,0,0,0,0,0,0,0,0,0,0,0,0,0,0,0,283
浙江自立股份有限公司,2,0,0,0,3,15,8,0,9,0,4,0,0,0,0,0,0,0,0,4,1,13,0,10,555
浙江天使生物工程有限公司,2,0,0,0,3,0,0,0,,0,0,0,0,0,0,0,0,0,0,0,0,0,0,0,275
浙江蔚蓝园林绿化有限公司,2,0,0,0,3,0,0,0,,0,0,0,0,0,1,0,0,0,0,0,0,0,0,0,256
浙江驰建设有限公司,2,0,0,0,3,19,0,0,,0,0,0,0,0,0,0,0,0,0,0,0,0,0,0,278
浙江九洲钢结构有限公司,2,0,0,0,0,15,0,0,,0,0,0,0,0,2,0,0,0,0,0,0,0,0,0,228
浙江中意建筑工程有限公司,2,0,0,0,3,16,7,0,,0,3,0,0,0,0,0,0,0,0,3,1,0,0,3,487
浙江永和建材有限公司,2,0,0,0,3,17,0,0,1,0,4,0,0,0,0,0,0,0,0,4,3,0,0,5,482
浙江烨展钢构有限公司,2,0,0,0,3,12,5,0,,0,3,0,0,0,0,0,0,0,0,3,2,0,0,0,492
浙江江南工程股份有限公司,2,0,0,0,0,0,0,0,,0,0,0,0,0,0,0,0,0,0,0,0,0,0,0,268
浙江围堰建筑公司,2,0,0,0,0,0,0,0,,0,0,0,0,0,0,0,0,0,0,0,0,0,0,0,258
浙江绅仕镭门窗有限公司,2,0,0,0,2,0,0,0,,0,0,0,0,0,0,0,0,0,0,0,0,0,0,0,282
浙江国信工程公司,2,0,0,0,0,0,0,0,,0,0,0,0,0,0,0,0,0,0,0,0,0,0,0,258
浙江宏业建筑工程有限公司,2,0,0,0,0,0,0,0,,0,0,0,0,0,0,0,0,0,0,0,0,0,0,0,258
浙江基业房地产开发有限公司,2,0,0,0,2,21,0,0,1,0,0,0,0,0,0,0,0,0,0,0,0,0,0,0,285
浙江五洲钢结构有限公司,2,0,0,0,0,0,0,0,,0,0,0,0,0,0,0,0,0,0,0,0,0,0,0,258
浙江中厦集团公司,2,0,0,0,3,19,0,0,,0,0,0,0,0,0,0,0,0,0,0,0,0,0,0,278
浙江奔腾建安公司,2,0,0,0,0,0,0,0,,0,0,0,0,0,0,0,0,0,0,0,0,0,0,0,258
浙江波威钢构有限公司,2,0,0,0,0,11,13,0,1,0,2,0,0,0,0,0,0,0,0,2,1,2,0,2,569
浙江金雅居门业有限公司,2,0,0,0,3,11,0,0,,0,0,0,0,0,0,0,0,0,0,0,0,0,0,5,303
浙江新业管桩有限公司,2,0,0,0,0,14,0,0,2,0,0,0,0,0,0,0,0,0,0,0,0,2,0,1,317
浙江永恒建设有限公司,2,0,0,0,0,0,0,0,,0,0,0,0,0,0,0,0,0,0,0,0,0,0,0,258
浙江申嘉湖杭高速公路有限公司,2,0,0,0,0,0,0,0,,0,0,0,0,0,0,0,0,0,0,0,0,0,0,0,258
浙江威尔达化工有限公司,2,0,0,0,3,19,0,0,4,0,0,0,0,0,0,0,0,0,0,0,0,8,0,10,396
浙江华夏建筑公司,2,0,0,0,0,20,0,0,,0,0,0,0,0,0,0,0,0,0,0,0,0,0,0,268
浙江中胜建饰设计院有限公司,2,0,0,0,3,15,2,0,,0,3,0,0,0,0,0,0,0,0,3,2,0,0,0,460
浙江三信机电工程有限公司,2,0,0,0,0,0,0,0,,0,4,0,0,0,0,0,0,0,0,4,1,0,0,0,440
浙江新天地装饰有限公司,2,0,0,0,0,0,0,0,,0,0,0,0,0,0,0,0,0,0,0,0,0,0,0,258
浙江景建设有限公司,2,0,0,0,0,0,0,0,,0,0,0,0,0,0,0,0,0,0,0,0,0,0,0,258
浙江龙门钢结构有限公司,2,0,0,0,3,15,1,0,1,0,2,0,0,0,0,0,0,0,0,2,2,0,0,1,519
浙江中强有限公司,2,0,0,0,3,16,0,0,,0,0,0,0,0,0,0,0,0,0,0,0,0,0,0,278
浙江中天建设公司,2,0,0,0,0,20,0,0,,0,0,0,0,0,0,0,0,0,0,0,0,0,0,0,268
浙江兰亭新材料有限公司,2,0,0,0,3,18,0,0,,0,0,0,0,0,0,0,0,0,0,4,1,0,0,2,315
浙江丰立机电有限公司,2,0,0,0,3,22,0,0,2,0,0,0,0,0,0,0,0,0,0,0,0,4,0,1,347
浙江顺风钢结构有限公司,2,0,0,0,0,0,0,0,,0,0,0,0,0,0,0,0,0,0,0,0,0,0,0,258
浙江万安科技股份有限公司,2,0,0,0,2,18,0,0,9,0,0,0,0,0,0,0,0,0,0,0,0,5,0,10,403
浙江福达股份有限公司,2,0,0,0,0,0,0,0,,0,0,0,0,0,0,0,0,0,0,0,0,0,0,0,258
浙江天天建设有限公司,2,0,0,0,0,14,0,0,,0,0,0,0,0,0,0,0,0,0,0,0,0,0,0,268
浙江甬工机电工程有限公司,2,0,0,0,0,0,0,0,,0,0,0,0,0,0,0,0,0,0,0,0,0,0,0,258
浙江正信门业有限公司,2,0,0,0,3,19,0,0,,0,0,0,0,0,0,0,0,0,0,0,0,0,0,6,308
浙江运达风电股份有限公司,2,0,0,0,1,16,0,0,14,0,0,1,0,0,0,0,1,3,0,0,0,13,0,11,423
浙江海通管桩有限公司,2,0,0,0,3,14,0,0,,0,0,0,0,0,0,0,0,0,0,0,0,0,0,0,278
浙江工程技术有限公司,2,0,0,0,3,0,0,0,,0,0,0,0,0,0,0,0,0,0,0,0,0,0,0,274
浙江幸运装饰有限公司,2,0,0,0,0,12,0,0,,0,0,0,0,0,0,0,0,0,0,0,0,0,0,3,283
浙江繁星建筑有限公司,2,0,0,0,0,0,0,0,,0,0,0,0,1,0,0,0,0,0,0,0,0,0,0,248
浙江驰骋建设有限公司,2,0,0,0,0,0,0,0,,0,0,0,0,0,0,0,0,0,0,0,0,0,0,0,258
浙江华东环境发展有限公司,2,0,0,0,2,16,4,0,,0,3,0,0,0,0,0,0,0,0,3,4,0,0,3,348
浙江街州建工集团有限公司,2,0,0,0,0,0,0,0,,0,0,0,0,0,0,0,0,0,0,0,0,0,0,0,258
浙江海通港航工程有限责任公司,2,0,0,0,3,19,1,0,,0,3,0,0,0,0,0,0,0,0,3,1,0,0,0,471
浙江永通钢构材料有限公司,2,0,0,0,3,16,2,0,,0,3,0,0,0,1,0,0,0,0,3,2,0,0,4,472
浙江歌山集团公司,2,0,0,0,0,0,0,0,,0,0,0,0,0,0,0,0,0,0,0,0,0,0,0,258
浙江亚厦机电安装有限公司,2,0,0,0,2,0,24,0,,0,3,1,0,0,0,0,0,0,0,3,5,0,0,6,539
浙江光大建材有限公司,2,0,0,0,2,14,0,0,,0,0,0,0,0,0,0,0,0,0,0,0,0,0,5,308
浙江环宇市政建设有限公司,2,0,0,0,0,0,0,0,,0,4,0,0,0,0,0,0,0,0,4,1,0,0,0,427
浙江鑫楷矿建有限公司,2,0,0,0,3,0,0,0,,0,4,0,0,0,0,0,0,0,0,4,1,0,0,0,434
浙江水花电器有限公司,2,0,0,0,3,18,0,0,,0,0,0,0,0,1,0,0,0,0,0,0,0,0,1,263
浙江鼎泰工贸有限公司,2,0,0,0,1,11,0,0,,0,0,0,0,0,0,0,0,0,0,0,0,0,0,0,288
浙江神鹰集团有限公司,2,0,0,0,3,23,0,0,16,0,0,0,0,0,0,0,0,0,0,0,0,0,0,10,338
浙江东冠工程公司,2,0,0,0,0,0,0,0,,0,0,0,0,0,0,0,0,0,0,0,0,0,0,0,258
浙江奥格尔心缘工贸有限公司,2,0,0,0,3,0,0,0,,0,0,0,0,0,0,0,0,0,0,0,0,0,0,0,278
浙江申力管桩有限公司,2,0,0,0,0,0,0,0,,0,0,0,0,0,0,0,0,0,0,0,0,0,0,0,258
浙江高翔工程有限公司,2,0,0,0,0,19,9,0,,0,2,0,0,0,0,0,1,0,0,2,3,0,0,0,514
浙江杭箫钢构股份有限公司,2,0,0,0,0,0,0,0,,0,0,0,0,0,0,0,0,0,0,0,0,0,0,0,258
浙江龙州科技有限公司,2,0,0,0,3,0,5,0,,0,3,0,0,0,0,0,0,0,0,3,2,0,0,2,512
浙江建业混凝土有限公司,2,0,0,0,3,16,0,0,1,0,4,0,0,0,0,0,0,0,0,4,2,0,0,1,463
浙江联大建筑有限公司,2,0,0,0,0,0,0,0,,0,0,0,0,0,0,0,0,0,0,0,0,0,0,0,258
浙江华业韶洋建材有限公司,2,0,0,0,3,23,0,0,,0,0,0,0,0,0,0,0,0,0,0,0,0,0,0,278
浙江恒大管桩有限公司,2,0,0,0,0,0,0,0,,0,0,0,0,0,0,0,0,0,0,0,0,0,0,0,258
浙江亿佰佳建设有限公司,2,0,0,0,3,0,0,0,,0,3,0,0,0,0,0,0,0,0,3,4,0,0,0,463
浙江同方建设有限公司,2,0,0,0,2,0,0,0,,0,0,0,0,0,0,0,0,0,0,0,0,0,0,0,273
浙江万友工贸有限公司,2,0,0,0,3,24,0,0,2,0,0,0,0,0,0,0,0,0,0,0,0,0,0,3,297
浙江三元建筑工程有限公司,2,0,0,0,0,0,0,0,,0,0,0,0,0,0,0,0,0,0,0,0,0,0,0,258
浙江巨人电梯有限公司,2,0,0,0,0,20,0,0,,0,0,0,0,0,0,0,0,0,0,0,0,0,0,0,268
浙江装饰工程有限公司,2,0,0,0,3,22,0,0,,0,0,0,0,0,0,0,0,0,0,0,0,0,0,0,278
浙江野风公司,2,0,0,0,3,0,0,0,,0,0,0,0,0,0,0,0,0,0,0,0,0,0,0,278
浙江冬运建设股份有限公司,2,0,0,0,0,0,0,0,,0,0,0,0,0,0,0,0,0,0,0,0,0,0,0,258
浙江广厦公司,2,0,0,0,1,0,0,0,,0,0,0,0,0,0,0,0,0,0,0,0,0,0,0,281
浙江宝业建工集团有限公司,2,0,0,0,1,14,0,0,,0,0,0,0,0,0,0,0,0,0,0,0,0,0,0,288
浙江湖洲建工集团公司,2,0,0,0,0,0,0,0,,0,0,0,0,0,0,0,0,0,0,0,0,0,0,0,258
浙江正见建设有限公司,2,0,0,0,0,0,0,0,,0,0,0,0,0,2,0,0,0,0,0,0,0,0,0,218
浙江一中建设有限公司,2,0,0,0,0,0,0,0,,0,0,0,0,0,0,0,0,0,0,0,0,0,0,0,258
浙江九域窗业有限公司,2,0,0,0,0,12,5,0,3,0,3,0,0,0,0,0,0,0,0,3,1,0,0,0,457
浙江方舟科技发展有限公司,2,0,0,0,3,16,0,0,,0,0,0,0,0,0,0,0,0,0,0,0,0,0,0,278
浙江工业大学台州分公司,3,0,0,0,0,11,0,0,,0,0,0,0,0,0,0,0,0,0,0,0,0,0,0,266
浙江华安钢结构有限公司,2,0,0,0,3,22,4,0,,0,3,0,0,0,0,0,1,3,0,3,1,0,0,0,507
浙江建筑营造有限公司,2,0,0,0,0,17,0,0,,0,0,0,0,0,0,0,0,0,0,0,0,0,0,0,268
浙江沃普曼高新建材有限公司,2,0,0,0,3,0,0,0,,0,0,0,0,0,0,0,0,0,0,0,0,0,0,0,276
浙江金华世源工贸有限公司,3,0,0,0,0,0,0,0,,0,0,0,0,0,0,0,0,0,0,0,0,0,0,0,256
浙江普天园林建筑有限公司,2,0,0,0,0,0,0,0,,0,0,0,0,0,1,0,0,0,0,0,0,0,0,0,239
浙江飞翔装饰股份有限公司,2,0,0,0,0,0,0,0,,0,0,0,0,0,0,0,0,0,0,0,0,0,0,0,258
浙江天鸿钢构股份有限公司,2,0,0,0,0,0,0,0,,0,0,0,0,0,0,0,0,0,0,0,0,0,0,0,258
浙江中成公司,2,0,0,0,0,0,0,0,,0,0,0,0,0,0,0,0,0,0,0,0,0,0,0,258
浙江绿色动力机械有限公司,2,0,0,0,2,11,0,0,,0,0,0,0,0,0,0,0,0,0,0,0,0,0,10,333
浙江宏基租赁有限公司,2,0,0,0,0,22,5,0,1,0,2,0,0,0,1,0,0,0,0,2,3,0,0,2,325
浙江新消机电工程有限公司,2,0,0,0,3,0,1,0,,0,3,0,0,0,0,0,0,0,0,3,1,0,0,0,448
缙云县浙江胜达铝业有限公司,4,0,0,0,0,0,0,0,,0,0,0,0,0,0,0,0,0,0,0,0,0,0,0,254
浙江华卡莱工贸有限公司,2,0,0,0,3,0,0,0,,0,0,0,0,0,0,0,0,0,0,0,0,0,0,0,275
浙江加汇门业有限公司,2,0,0,0,0,0,0,0,,0,0,0,0,0,0,0,0,0,0,0,0,0,0,0,260
浙江国贸进出口有限公司,2,0,0,0,3,19,0,0,1,0,0,0,0,0,0,0,0,0,0,0,0,0,0,10,330
浙江永康交通工程公司,2,0,0,0,0,0,0,0,,0,0,0,0,0,0,0,0,0,0,0,0,0,0,0,258
浙江隆盛市政建设有限公司,2,0,0,0,0,0,0,0,,0,4,0,0,0,0,0,0,0,0,4,2,0,0,0,430
浙江现代城市建设有限公司,2,0,0,0,0,0,0,0,,0,0,0,0,0,0,0,0,0,0,0,0,0,0,0,258
浙江鑫鸿钼业有限公司,2,0,0,0,3,13,0,0,4,0,0,0,0,0,0,0,0,0,0,0,0,0,0,3,301
浙江天地钢结构有限公司,2,0,0,0,0,14,18,0,2,0,2,0,0,0,0,0,0,0,0,2,3,0,0,10,581
浙江东阳建筑公司,2,0,0,0,3,21,0,0,,0,0,0,0,1,0,0,0,0,0,0,0,0,0,0,268
浙江九皇工贸有限公司,2,0,0,0,3,0,0,0,,0,0,0,0,0,0,0,0,0,0,0,0,0,0,3,291
沿海铁路浙江有限公司,2,0,0,0,2,12,0,0,,0,0,0,0,0,0,0,0,0,0,0,0,0,0,10,333
浙江正大建设有限公司,2,0,0,0,0,0,0,0,,0,4,0,0,0,0,0,0,0,0,4,2,0,0,0,430
浙江泰山建设股份有限公司,2,0,0,0,0,0,0,0,,0,0,0,0,0,0,0,0,0,0,0,0,0,0,0,258
浙江坚塔商砼构件有限公司,2,0,0,0,3,11,0,0,,0,4,0,0,0,0,0,0,0,0,4,2,0,0,0,456
浙江永佳好房工贸有限公司,2,0,0,0,3,0,0,0,,0,0,0,0,0,0,0,0,0,0,0,0,0,0,9,320
浙江鸿翔水利建设有限公司,2,0,0,0,3,18,61,0,,0,3,0,0,0,3,0,692,1,40,3,5,0,0,2,512
浙江中南建设集团有限公司,2,0,0,0,1,33,285,0,14,0,1,82,0,0,19,0,550,1,82,1,10,25,0,92,676
浙江鼎隆建设有限公司,2,0,0,0,3,0,80,0,,0,3,4,0,0,8,0,518,0,10,3,7,0,0,5,502
浙江卡森建设有限公司,2,0,0,0,3,20,67,0,,0,2,5,0,0,8,0,433,1,26,2,6,0,0,13,562
浙江祥达建设有限公司,2,0,0,0,3,0,101,0,2,0,2,0,0,0,3,0,474,1,40,2,8,0,0,1,531
浙江诚邦园林股份有限公司,2,0,0,0,3,21,76,0,5,0,2,6,0,0,1,0,410,1,48,2,7,4,0,8,727
浙江中宇实业发展有限公司,2,0,0,0,2,12,38,0,,0,2,1,0,0,0,0,369,1,8,2,2,0,0,11,657
浙江逸龙建设有限公司,2,0,0,0,2,16,68,0,1,0,3,0,0,0,1,0,368,1,17,3,4,0,0,3,579
浙江环宇建设集团有限公司,2,0,0,0,1,19,267,0,10,0,1,28,0,2,28,0,345,1,50,1,10,4,0,38,676
浙江建安实业集团股份有限公司,2,0,0,0,0,21,152,0,,0,2,12,0,0,36,0,331,0,14,2,7,0,0,12,562
浙江尚都建设有限公司,2,0,0,0,3,23,71,0,,0,3,0,0,0,5,0,348,0,3,3,5,0,0,1,482
浙江华昌建设有限公司,2,0,0,0,3,30,63,0,2,0,2,8,0,0,2,0,320,3,9,2,9,0,0,17,641
浙江景华建设有限公司,2,0,0,0,3,19,77,0,4,0,2,7,0,0,12,0,328,1,21,2,4,0,0,17,572
浙江创业建设工程有限公司,2,0,0,0,2,13,87,0,,0,2,2,0,0,4,0,316,1,22,2,6,0,0,11,549
浙江天地园林工程有限公司,2,0,0,0,3,20,64,0,,0,2,15,0,0,3,0,300,1,44,2,8,0,0,25,612
浙江亚厦装饰股份有限公司,2,0,0,0,1,22,349,0,20,0,2,242,0,0,4,0,276,1,59,2,5,98,0,252,678
浙江同安建设有限公司,2,0,0,0,0,32,96,0,,0,2,6,0,0,0,0,279,0,25,2,7,0,0,16,669
浙江久久交通设施有限公司,2,0,0,0,3,19,21,0,,0,2,0,0,0,0,0,267,1,5,2,3,0,0,6,468
浙江国泰建设集团有限公司,2,0,0,0,3,20,154,0,8,0,1,46,0,2,38,0,271,1,46,1,11,15,0,56,656
浙江欣捷建设有限公司,2,0,0,0,3,15,178,0,9,0,2,29,0,0,15,0,263,1,75,2,7,20,0,39,674
浙江新厦建设有限公司,2,0,0,0,0,22,91,0,,0,2,6,0,1,2,0,247,3,11,2,9,0,0,6,584
浙江今隆建设有限公司,2,0,0,0,0,13,69,0,,0,2,0,0,0,4,0,299,1,6,2,9,0,0,0,518
浙江秀州建设有限公司,2,0,0,0,3,17,96,0,,0,2,0,0,0,1,0,270,0,5,2,5,0,0,10,614
浙江文盛集团有限公司,2,0,0,0,3,17,65,0,5,0,3,0,0,0,1,0,255,1,20,3,3,0,0,5,592
浙江国恒建设有限公司,2,0,0,0,3,0,70,0,,0,3,0,0,0,3,0,289,1,22,3,11,1,0,9,583
浙江长兴盛大建设有限公司,2,0,0,0,3,0,56,0,,0,3,0,0,0,0,0,279,1,8,3,14,0,0,4,610
浙江元通建设股份有限公司,2,0,0,0,3,19,63,0,3,0,2,3,0,0,16,0,233,3,3,2,8,0,0,13,530
浙江天工装饰工程有限公司,2,0,0,0,0,23,99,0,1,0,2,9,0,0,1,0,257,0,24,2,9,0,0,13,598
浙江钜元建设有限公司,2,0,0,0,3,12,79,0,,0,2,8,0,0,1,0,271,1,40,2,13,0,0,8,664
浙江山海建设有限公司,2,0,0,0,3,23,53,0,,0,3,0,0,0,1,0,258,1,7,3,4,0,0,8,565
浙江广宏建设有限公司,2,0,0,0,3,14,131,0,7,0,2,5,0,0,5,0,238,1,21,2,6,1,0,15,587
浙江永联环境股份有限公司,2,0,0,0,0,18,50,0,,0,2,2,0,0,0,0,245,1,17,2,4,0,0,3,627
浙江中祺建设有限公司,2,0,0,0,3,13,76,0,,0,2,1,0,0,2,0,243,0,23,2,8,2,0,3,559
浙江富水建设有限公司,2,0,0,0,3,18,61,0,,0,2,1,0,0,11,0,240,1,13,2,5,0,0,3,499
浙江正见建设集团有限公司,2,0,0,0,0,19,102,0,,0,2,0,0,0,3,0,223,1,1,2,3,0,0,0,487
浙江春江建设有限公司,2,0,0,0,3,29,59,0,,0,3,1,0,0,3,0,235,1,10,3,7,0,0,6,528
浙江正浩建设有限公司,2,0,0,0,3,19,38,0,,0,3,0,0,0,1,0,228,1,7,3,3,0,0,4,587
浙江梯梯建设有限公司,2,0,0,0,3,14,66,0,6,0,2,0,0,1,26,0,207,0,2,2,9,0,0,1,482
浙江中茂园林绿化有限公司,2,0,0,0,3,18,50,0,1,0,2,4,0,0,2,0,222,1,13,2,6,0,0,6,619
浙江华信建设有限公司,2,0,0,0,3,17,29,0,1,0,2,3,0,0,5,0,210,3,10,2,6,0,0,13,506
浙江海滨建设集团有限公司,2,0,0,0,3,18,110,0,7,0,1,16,0,1,56,0,206,1,19,1,9,4,0,23,646
浙江华启建设有限公司,2,0,0,0,3,0,44,0,,0,3,0,0,0,2,0,217,1,4,3,8,0,0,0,550
浙江长兴精诚建设有限公司,2,0,0,0,3,0,29,0,,0,3,0,0,0,0,0,240,0,10,3,7,0,0,0,567
浙江万寿建筑工程有限公司,2,0,0,0,3,15,91,0,5,0,2,0,0,2,0,0,206,1,16,2,6,0,0,2,604
浙江海汇建设有限公司,2,0,0,0,3,14,32,0,4,0,2,0,0,0,1,0,189,0,0,2,6,0,0,7,572
浙江瑞华建设有限公司,2,0,0,0,3,20,64,0,1,0,2,1,0,0,1,0,202,1,6,2,5,0,0,5,611
浙江大申建设有限公司,2,0,0,0,3,16,57,0,,0,2,1,0,0,3,0,208,1,14,2,8,0,0,5,554
浙江昊晟建设有限公司,2,0,0,0,0,0,0,0,,0,0,0,0,0,0,0,0,0,0,0,0,0,0,0,258
浙江三丰建设有限公司,2,0,0,0,0,16,85,0,,0,2,19,0,0,4,0,192,1,19,2,5,0,0,19,574
浙江光大建设集团有限公司,2,0,0,0,0,14,79,0,,0,2,0,0,0,1,0,223,1,20,2,9,0,0,0,549
浙江鑫达建设有限公司,2,0,0,0,3,18,82,0,4,0,2,0,0,0,21,0,201,3,9,2,8,0,0,7,502
浙江华光市政建设有限公司,2,0,0,0,3,24,55,0,3,0,2,0,0,0,3,0,192,1,20,2,4,1,0,0,513
浙江长兴乐华建设有限公司,2,0,0,0,3,0,26,0,,0,3,0,0,0,1,0,223,1,4,3,7,0,0,0,561
浙江鑫冉建设有限公司,2,0,0,0,3,0,48,0,1,0,3,1,0,0,0,0,214,1,14,3,10,0,0,1,603
浙江中能建设有限公司,2,0,0,0,3,14,24,0,,0,3,0,0,0,0,0,188,1,7,3,2,0,0,10,622
浙江鸿正建设有限公司,2,0,0,0,3,12,74,0,2,0,2,5,0,0,2,0,197,1,8,2,10,0,0,10,628
浙江钱塘江水利建筑工程公司,2,0,0,0,2,24,65,0,,0,3,0,0,0,2,0,187,1,16,3,3,2,0,3,591
浙江兴汇建设有限公司,2,0,0,0,3,0,36,0,1,0,3,0,0,0,0,0,183,1,3,3,7,1,0,1,598
浙江锦德建设有限公司,2,0,0,0,3,0,49,0,,0,3,0,0,0,3,0,197,3,0,3,9,0,0,0,464
浙江五洲工程项目管理有限公司,2,0,0,0,3,18,87,0,2,0,3,0,0,0,5,0,175,0,6,3,4,3,0,10,559
浙江富泰建设有限公司,2,0,0,0,3,44,93,0,1,0,2,23,0,0,16,0,189,1,30,2,10,0,0,26,576
浙江臻泰建设有限公司,2,0,0,0,3,19,38,0,,0,3,0,0,0,2,0,183,1,11,3,1,0,0,0,537
浙江嘉宇建设有限公司,2,0,0,0,3,24,79,0,1,0,2,0,0,0,1,0,227,1,10,2,8,0,0,8,541
浙江巍山建设有限公司,2,0,0,0,3,24,56,0,,0,2,2,0,0,13,0,176,1,6,2,5,0,0,2,489
浙江宇通建设有限公司,2,0,0,0,3,12,38,0,,0,3,0,0,0,0,0,205,1,2,3,8,0,0,8,633
浙江长虹建设工程有限公司,2,0,0,0,3,15,42,0,,0,3,0,0,0,6,0,204,1,10,3,7,0,0,5,497
浙江自力建设集团有限公司,2,0,0,0,0,22,66,0,,0,2,0,0,0,9,0,171,1,2,2,6,0,0,0,459
浙江金坤建设有限公司,2,0,0,0,3,11,63,0,1,0,3,0,0,0,0,0,198,1,5,3,6,0,0,1,590
浙江吉天建设有限公司,2,0,0,0,3,13,49,0,,0,2,1,0,0,1,0,170,3,1,2,6,0,0,7,549
浙江瑞泰建设有限公司,2,0,0,0,3,30,39,0,,0,3,0,0,0,2,0,169,3,10,3,6,0,0,5,552
浙江新邦建设股份有限公司,2,0,0,0,3,23,120,0,2,0,2,16,0,1,13,0,165,1,10,2,10,1,0,26,583
浙江舜业建设有限公司,2,0,0,0,3,0,32,0,1,0,3,0,0,0,1,0,219,1,4,3,7,0,0,4,590
浙江园冶生态建设有限公司,2,0,0,0,0,16,57,0,,0,2,4,0,0,2,0,162,1,34,2,7,0,0,4,537
浙江鸿博建设有限公司,2,0,0,0,3,17,44,0,2,0,2,1,0,1,2,0,159,1,9,2,5,1,0,3,531
浙江汇力建设有限公司,2,0,0,0,3,37,42,0,8,0,3,0,0,0,2,0,170,1,27,3,2,0,0,2,562
浙江明城建设有限公司,2,0,0,0,3,18,39,0,,0,3,0,0,0,0,0,172,1,4,3,9,0,0,2,592
浙江泓大建设有限公司,2,0,0,0,3,32,0,0,,0,0,0,0,0,3,0,150,0,3,0,0,0,0,0,268
浙江景昌建设有限公司,2,0,0,0,3,15,44,0,3,0,3,0,0,0,0,0,156,1,11,3,2,0,0,4,608
浙江大华建设集团有限公司,2,0,0,0,0,20,81,0,,0,2,19,0,0,14,0,153,1,15,2,6,3,0,19,589
浙江宏兴建设有限公司,2,0,0,0,3,25,101,0,5,0,2,19,0,1,14,0,156,3,26,2,11,0,0,21,564
浙江中艺建设有限公司,2,0,0,0,3,23,68,0,1,0,3,0,0,0,0,0,156,1,7,3,7,0,0,8,624
浙江恒昌建设有限公司,2,0,0,0,3,18,79,0,2,0,2,2,0,0,1,0,170,1,25,2,12,2,0,8,641
浙江金隆古建园林工程有限公司,2,0,0,0,3,18,39,0,,0,2,0,0,0,0,0,168,0,8,2,3,0,0,5,611
浙江宝恒建设有限公司,2,0,0,0,0,14,63,0,1,0,2,12,0,2,3,0,158,0,26,2,11,0,0,19,601
浙江金城建设集团有限公司,2,0,0,0,0,21,71,0,,0,2,10,0,0,5,0,162,1,35,2,7,0,0,10,594
浙江金圣建设有限公司,2,0,0,0,3,14,73,0,1,0,2,0,0,0,1,0,153,0,21,2,5,2,0,1,599
浙江图盛输变电工程有限公司,2,0,0,0,2,25,15,0,2,0,4,3,0,0,0,0,166,1,47,4,1,0,0,3,605
浙江天姿园林建设有限公司,2,0,0,0,3,19,31,0,,0,2,4,0,0,0,0,159,1,37,2,4,0,0,13,682
浙江萧云建设有限公司,2,0,0,0,3,17,63,0,,0,2,2,0,0,0,0,153,0,20,2,8,0,0,2,602
浙江常山水利水电工程公司,2,0,0,0,0,0,0,0,,0,0,0,0,0,0,0,0,0,0,0,0,0,0,0,258
浙江长江建设工程有限公司,2,0,0,0,3,23,63,0,,0,2,0,0,0,2,0,163,0,15,2,6,0,0,5,522
浙江仙都建设有限公司,2,0,0,0,3,15,38,0,,0,3,0,0,0,0,0,155,1,7,3,4,0,0,8,622
浙江方汇建筑工程有限公司,2,0,0,0,3,18,54,0,5,0,2,0,0,0,3,0,140,1,0,2,6,0,0,9,519
浙江府都建设有限公司,2,0,0,0,3,23,58,0,,0,3,0,0,0,0,0,172,1,8,3,8,0,0,0,582
浙江巨圣建设有限公司,2,0,0,0,3,18,33,0,,0,3,0,0,0,0,0,157,1,23,3,5,3,0,2,613
浙江金茂建设有限公司,2,0,0,0,3,14,29,0,,0,3,0,0,0,0,0,163,1,0,3,3,0,0,9,618
浙江精工建设集团有限公司,2,0,0,0,0,32,88,0,7,0,2,7,0,0,12,0,137,2,12,2,9,2,0,17,564
浙江恒兴建设有限公司,2,0,0,0,3,17,47,0,,0,3,0,0,0,0,0,156,1,4,3,6,0,0,10,633
浙江万华建设有限公司,2,0,0,0,0,19,86,0,,0,2,8,0,0,2,0,140,1,27,2,10,1,0,8,649
浙江宏宇建筑有限责任公司,2,0,0,0,3,23,72,0,2,0,2,2,0,2,107,0,135,1,12,2,12,0,0,10,538
浙江水基建设有限公司,2,0,0,0,3,13,34,0,,0,3,0,0,0,1,0,144,1,7,3,5,0,0,0,507
浙江艮威水利建设有限公司,2,0,0,0,0,14,48,0,,0,2,0,0,0,2,0,140,1,25,2,3,0,0,0,549
浙江诚辉建设有限公司,2,0,0,0,3,16,34,0,1,0,3,0,0,0,1,0,149,0,1,3,5,0,0,0,549
浙江华兴建设有限公司,2,0,0,0,3,19,30,0,,0,3,0,0,0,0,0,154,1,1,3,5,0,0,10,632
浙江宝晟建设有限公司,2,0,0,0,3,16,78,0,,0,2,1,0,0,1,0,143,0,16,2,11,1,0,3,584
浙江乐星机电设备工程有限公司,2,0,0,0,3,12,0,0,1,0,0,0,0,0,0,0,163,1,29,0,0,0,0,0,350
浙江天工市政园林有限公司,2,0,0,0,3,17,44,0,,0,2,2,0,0,1,0,131,0,7,2,3,0,0,10,562
浙江绍兴白云建设有限公司,3,0,0,0,0,19,34,0,4,0,2,1,0,0,5,0,131,0,3,2,6,0,0,2,465
浙江通衢水电建设有限公司,2,0,0,0,3,20,42,0,4,0,3,0,0,0,0,0,140,1,22,3,3,0,0,0,595
浙江城建建设集团有限公司,2,0,0,0,3,18,120,0,11,0,1,20,0,1,18,0,139,1,26,1,9,9,0,30,626
浙江元耀建设有限公司,2,0,0,0,3,19,31,0,,0,3,0,0,0,1,0,154,1,4,3,6,0,0,0,562
浙江伟星建设有限公司,2,0,0,0,0,16,51,0,,0,2,8,0,0,0,0,128,1,20,2,2,0,0,8,637
浙江云程建设有限公司,2,0,0,0,0,12,45,0,1,0,2,0,0,0,0,0,0,0,0,2,4,0,0,0,489
浙江汇通建设有限公司,2,0,0,0,3,16,23,0,2,0,4,0,0,0,1,0,144,1,7,4,1,0,0,9,590
浙江慈盛建设有限公司,2,0,0,0,3,23,41,0,,0,3,0,0,0,1,0,140,3,1,3,3,0,0,0,518
浙江恒道建设有限公司,2,0,0,0,3,16,60,0,3,0,3,0,0,0,0,0,133,3,10,3,6,0,0,2,583
浙江中一建设有限公司,2,0,0,0,3,17,60,0,3,0,2,3,0,0,3,0,133,1,13,2,5,0,0,13,565
浙江嘉越建设有限公司,2,0,0,0,3,0,30,0,,0,3,3,0,0,1,0,149,0,4,3,9,3,0,8,616
浙江开阳环境建设有限公司,2,0,0,0,3,21,71,0,,0,3,1,0,0,1,0,151,1,6,3,13,0,0,1,572
浙江华鑫建设有限公司,2,0,0,0,3,15,45,0,,0,3,2,0,0,0,0,139,0,9,3,8,0,0,9,627
浙江衢盛建设有限公司,2,0,0,0,3,11,74,0,3,0,3,1,0,0,0,0,175,1,9,3,9,0,0,3,608
浙江德程建设有限公司,2,0,0,0,0,18,26,0,,0,3,0,0,0,0,0,102,3,0,3,4,0,0,0,547
浙江信龙建设有限公司,2,0,0,0,3,18,59,0,5,0,2,8,0,0,3,0,103,1,6,2,8,0,0,8,624
浙江广川建设有限公司,2,0,0,0,3,14,72,0,3,0,2,7,0,0,0,0,43,1,8,2,5,0,0,17,665
浙江富华建筑装饰有限公司,2,0,0,0,3,20,28,0,1,0,2,7,0,0,0,0,132,0,4,2,6,0,0,9,658
浙江屹立装潢工程有限公司,2,0,0,0,3,22,30,0,,0,2,1,0,6,1,0,37,1,4,2,6,0,0,2,466
浙江诚通市政建设有限公司,2,0,0,0,3,20,62,0,,0,2,0,0,0,2,0,121,1,21,2,6,0,0,5,582
浙江永通科技发展有限公司,2,0,0,0,0,23,36,0,6,0,2,0,0,0,1,0,13,1,6,2,6,0,0,10,595
浙江巨鑫建设有限公司,2,0,0,0,0,18,60,0,,0,3,0,0,0,0,0,27,0,6,3,7,0,0,3,557
浙江立信建设发展有限公司,2,0,0,0,3,11,80,0,1,0,2,0,0,1,2,0,38,3,3,2,7,0,0,3,486
浙江梧桐园林市政工程有限公司,2,0,0,0,3,15,22,0,1,0,2,6,0,0,0,0,25,1,4,2,4,0,0,6,639
浙江奔腾交通工程有限公司,2,0,0,0,2,18,31,0,,0,3,0,0,0,5,0,41,0,10,3,5,0,0,3,472
浙江强盛医用工程有限公司,2,0,0,0,0,16,26,0,,0,2,0,0,0,1,0,42,1,7,2,3,2,0,0,578
浙江瑞德建设有限公司,2,0,0,0,3,21,29,0,,0,3,0,0,0,2,0,45,3,0,3,4,0,0,0,497
浙江华东建设工程有限公司,2,0,0,0,2,13,57,0,4,0,2,3,0,0,1,0,38,1,13,2,9,13,0,13,686
浙江王氏生态建设有限公司,2,0,0,0,3,0,13,0,,0,3,0,0,0,0,0,111,0,4,3,8,0,0,0,556
浙江泰宇建设有限公司,2,0,0,0,3,17,62,0,,0,2,0,0,0,5,0,123,1,11,2,6,1,0,10,549
浙江鼎川建设有限公司,2,0,0,0,3,13,41,0,,0,3,0,0,0,0,0,26,0,5,3,2,0,0,0,532
浙江大洋建设集团有限公司,2,0,0,0,0,16,81,0,,0,2,1,0,0,0,0,119,3,8,2,9,3,0,1,592
浙江宇盛建设有限公司,2,0,0,0,3,16,31,0,,0,3,3,0,0,1,0,77,1,17,3,1,0,0,5,587
浙江海建建设股份有限公司,2,0,0,0,3,19,27,0,,0,3,0,0,0,2,0,92,3,8,3,4,0,0,1,522
浙江东海岸园艺有限公司,2,0,0,0,3,18,18,0,1,0,4,4,0,0,0,0,92,1,3,4,1,0,0,4,588
绍兴宏欣建设有限公司,3,0,0,0,0,13,26,0,,0,3,0,0,0,0,0,30,3,0,3,6,0,0,0,526
浙江万兴建设有限公司,2,0,0,0,3,15,37,0,,0,2,0,0,0,1,0,41,2,6,2,7,6,0,5,569
浙江弘丰建设有限公司,2,0,0,0,3,18,31,0,1,0,2,0,0,0,1,0,109,1,1,2,5,0,0,0,554
浙江常山建安建筑工程有限公司,2,0,0,0,3,17,46,0,1,0,2,0,0,0,1,0,134,1,3,2,6,0,0,0,511
浙江通达建设集团有限公司,2,0,0,0,3,25,56,0,4,0,2,1,0,0,3,0,95,2,2,2,7,0,0,11,507
浙江实强建设有限公司,2,0,0,0,3,19,53,0,,0,2,3,0,0,2,0,37,1,9,2,6,3,0,3,582
浙江荣盛建设发展有限公司,2,0,0,0,3,17,102,0,1,0,2,7,0,0,14,0,91,1,19,2,7,1,0,17,559
浙江万明建设有限公司,2,0,0,0,3,17,54,0,,0,2,0,0,0,0,0,120,1,2,2,5,0,0,0,589
浙江贝利建设集团有限公司,2,0,0,0,0,23,76,0,,0,2,2,0,1,7,0,118,3,9,2,7,0,0,2,464
浙江诚宏建设有限公司,2,0,0,0,3,0,26,0,,0,3,0,0,0,0,0,107,1,1,3,4,0,0,0,580
浙江开达装饰工程有限公司,2,0,0,0,0,17,44,0,,0,2,0,0,1,1,0,99,1,8,2,12,0,0,2,566
浙江昌鼎建设有限公司,2,0,0,0,3,11,43,0,,0,2,1,0,0,0,0,89,1,9,2,11,0,0,2,601
浙江锐信建设工程公司,2,0,0,0,3,35,66,0,3,0,2,1,0,0,6,0,91,1,7,2,5,0,0,3,490
浙江创宇建设有限公司,2,0,0,0,3,16,47,0,2,0,2,0,0,0,4,0,111,1,6,2,5,0,0,6,483
浙江中企实业有限公司,2,0,0,0,0,19,24,0,,0,2,0,0,0,1,0,84,1,2,2,1,0,0,0,535
浙江华洋建设有限公司,2,0,0,0,3,21,19,0,,0,2,0,0,0,1,0,27,2,2,2,8,0,0,5,474
浙江正方交通建设有限公司,2,0,0,0,2,17,97,0,10,0,2,4,0,1,1,0,97,1,23,2,10,0,0,11,644
浙江佳和建设有限公司,2,0,0,0,3,14,48,0,,0,2,4,0,1,2,0,49,1,12,2,5,0,0,5,512
浙江国才建设有限公司,2,0,0,0,3,17,27,0,1,0,3,0,0,0,0,0,76,3,1,3,4,0,0,3,569
浙江中腾建设有限公司,2,0,0,0,3,17,54,0,2,0,2,6,0,0,2,0,78,1,4,2,10,0,0,8,556
浙江中鹰建筑有限公司,2,0,0,0,3,17,83,0,5,0,2,12,0,0,10,0,93,1,9,2,8,0,0,12,574
浙江亿达建设有限公司,2,0,0,0,3,14,41,0,1,0,2,2,0,0,1,0,109,1,7,2,4,0,0,10,616
浙江永乐园林工程有限公司,2,0,0,0,0,0,8,0,,0,3,0,0,0,0,0,97,3,0,3,2,0,0,0,522
浙江采荷建设有限公司,2,0,0,0,3,16,35,0,,0,3,0,0,0,0,0,47,3,3,3,7,0,0,7,578
浙江警安科技有限公司,2,0,0,0,3,17,59,0,,0,2,0,0,0,0,0,79,1,7,2,14,0,0,0,583
浙江宝宇建设有限公司,2,0,0,0,3,11,32,0,,0,3,0,0,0,1,0,118,1,5,3,4,0,0,3,577
浙江成城建设有限公司,2,0,0,0,3,15,49,0,3,0,2,0,0,0,16,0,85,3,1,2,7,0,0,10,475
浙江腾远建设有限公司,2,0,0,0,3,20,63,0,,0,2,0,0,0,2,0,113,3,17,2,7,0,0,2,544
浙江锦亚建设有限公司,2,0,0,0,3,15,58,0,,0,3,2,0,0,1,0,83,1,5,3,6,0,0,2,532
浙江广丰建设集团有限公司,2,0,0,0,0,12,78,0,,0,2,1,0,0,5,0,76,0,12,2,6,0,0,1,459
浙江长兴天工建设有限公司,2,0,0,0,3,16,38,0,,0,2,1,0,0,1,0,82,1,7,2,8,0,0,1,549
浙江嘉善市政园林有限公司,2,0,0,0,3,19,24,0,,0,3,0,0,0,0,0,129,1,3,3,5,0,0,1,588
浙江环球市政工程建设有限公司,2,0,0,0,3,12,22,0,,0,3,0,0,0,0,0,0,0,0,3,3,0,0,3,518
浙江君诚建设有限公司,2,0,0,0,3,15,31,0,,0,3,0,0,0,5,0,77,2,1,3,2,0,0,1,453
浙江华奕生态建设股份有限公司,2,0,0,0,3,0,31,0,,0,3,1,0,0,0,0,75,1,5,3,15,0,0,3,582
浙江恒誉建设有限公司,2,0,0,0,3,13,63,0,2,0,2,23,0,1,6,0,107,2,20,2,8,6,0,27,633
浙江展华建设有限公司,2,0,0,0,3,14,36,0,,0,3,0,0,0,0,0,128,3,9,3,4,0,0,0,563
浙江芹江建设有限公司,2,0,0,0,3,14,42,0,,0,3,0,0,0,0,0,88,1,3,3,6,0,0,0,573
浙江双堰建筑工程有限公司,2,0,0,0,3,17,57,0,1,0,2,6,0,1,5,0,30,3,3,2,4,0,0,9,511
浙江江鑫建设有限公司,2,0,0,0,3,11,53,0,,0,3,0,0,0,4,0,95,0,6,3,7,0,0,7,517
浙江海创建设有限公司,2,0,0,0,3,0,14,0,,0,3,0,0,0,0,0,73,3,2,3,5,0,0,7,567
浙江润业建设有限公司,2,0,0,0,3,11,62,0,,0,2,1,0,0,1,0,89,1,10,2,14,0,0,7,607
浙江宏厦建设有限公司,2,0,0,0,3,18,35,0,2,0,2,16,0,0,0,0,98,2,10,2,7,0,0,19,695
浙江龙游宏业建设有限公司,2,0,0,0,3,0,28,0,,0,3,0,0,0,0,0,75,3,0,3,6,0,0,0,547
浙江广天建设有限公司,2,0,0,0,0,22,48,0,,0,2,1,0,0,0,0,37,1,9,2,5,0,0,1,544
浙江鸿富建设有限公司,2,0,0,0,0,18,59,0,1,0,2,0,0,0,2,0,97,0,8,2,5,0,0,2,491
浙江宝森建设有限公司,2,0,0,0,3,0,32,0,,0,3,0,0,0,4,0,77,3,3,3,8,0,0,0,471
浙江宏信建设有限公司,2,0,0,0,3,0,52,0,,0,3,0,0,1,6,0,84,1,11,3,6,0,0,3,473
浙江宏建建设有限公司,2,0,0,0,3,18,55,0,4,0,2,0,0,0,11,0,121,3,4,2,6,0,0,2,467
浙江河海建设有限公司,2,0,0,0,3,22,30,0,,0,3,0,0,0,2,0,82,1,6,3,4,0,0,1,542
浙江万厦建设有限公司,2,0,0,0,0,16,67,0,,0,2,0,0,1,0,0,98,1,4,2,7,2,0,9,614
浙江丰盛建设工程有限公司,2,0,0,0,3,15,47,0,,0,3,0,0,0,0,0,78,1,4,3,5,0,0,2,583
浙江新宇建设有限公司,2,0,0,0,0,17,55,0,,0,2,8,0,0,4,0,26,1,6,2,5,4,0,8,554
浙江金灵建设有限公司,2,0,0,0,3,24,28,0,,0,3,0,0,0,0,0,106,1,13,3,5,0,0,0,572
浙江独山市政园林有限公司,2,0,0,0,3,0,10,0,,0,3,0,0,0,0,0,83,0,0,3,4,0,0,0,542
浙江天工建设集团有限公司,2,0,0,0,3,19,134,0,5,0,2,12,0,0,6,0,30,1,15,2,7,0,0,22,567
浙江嘉晨建设有限公司,2,0,0,0,3,25,16,0,,0,3,1,0,0,1,0,101,0,1,3,5,0,0,1,557
浙江嘉年华园林建设有限公司,2,0,0,0,3,16,26,0,,0,2,7,0,0,0,0,75,1,12,2,4,9,0,7,702
浙江江能建设有限公司,2,0,0,0,3,19,49,0,4,0,2,0,0,0,0,0,40,0,9,2,8,0,0,5,596
浙江瓜沥建设有限公司,2,0,0,0,3,15,34,0,,0,3,0,0,0,1,0,25,3,3,3,2,0,0,3,527
浙江建达科技股份有限公司,2,0,0,0,1,18,29,0,3,0,2,0,0,0,1,0,72,2,3,2,4,4,0,8,669
浙江沁箭建设有限公司,2,0,0,0,3,13,27,0,,0,2,0,0,0,1,0,90,0,4,2,3,0,0,0,522
浙江吉祥环境建设有限公司,2,0,0,0,3,0,57,0,,0,3,1,0,0,0,0,25,1,11,3,9,0,0,1,577
浙江鲁业建设有限公司,2,0,0,0,3,0,36,0,,0,3,0,0,0,1,0,87,1,0,3,7,0,0,1,541
浙江森晟建设有限公司,2,0,0,0,3,18,52,0,1,0,2,11,0,0,0,0,39,0,18,2,10,7,0,14,702
浙江兴发建设有限公司,2,0,0,0,0,0,0,0,,0,0,0,0,0,0,0,0,0,0,0,0,0,0,0,258
浙江中欣建设有限公司,2,0,0,0,0,12,38,0,,0,2,0,0,0,0,0,99,1,9,2,7,1,0,0,559
浙江吉瑞建设有限公司,2,0,0,0,3,14,33,0,,0,3,1,0,0,1,0,79,1,9,3,5,0,0,3,558
浙江荣佳建筑工程有限公司,2,0,0,0,3,22,57,0,2,0,2,2,0,0,6,0,40,0,6,2,6,0,0,4,463
浙江精工钢结构集团有限公司,2,0,0,0,0,18,98,0,5,0,2,71,0,1,4,0,96,1,20,2,5,52,0,81,644
浙江晟大建设有限公司,2,0,0,0,0,13,30,0,,0,3,0,0,0,0,0,108,3,0,3,3,0,0,0,542
浙江广发建设工程有限公司,2,0,0,0,3,21,20,0,2,0,2,0,0,0,1,0,60,1,0,2,7,0,0,8,558
浙江广诚建设有限公司,2,0,0,0,0,13,47,0,,0,2,2,0,0,1,0,51,3,5,2,5,0,0,2,534
浙江华厦建设集团有限公司,2,0,0,0,3,20,47,0,8,0,2,3,0,2,6,0,74,1,5,2,9,4,0,13,569
浙江振丰建设有限公司,2,0,0,0,0,21,70,0,2,0,2,13,0,1,10,0,74,1,7,2,8,1,0,18,563
浙江培华建设有限公司,2,0,0,0,3,11,58,0,2,0,3,1,0,0,0,0,75,1,2,3,9,0,0,5,606
浙江鑫直建筑有限公司,2,0,0,0,0,16,24,0,,0,3,0,0,0,0,0,59,0,2,3,5,0,0,0,547
浙江宏达建设集团有限公司,2,0,0,0,3,23,71,0,6,0,2,11,0,0,0,0,45,1,11,2,5,4,0,21,704
浙江远图建设有限公司,2,0,0,0,3,11,45,0,,0,3,0,0,0,0,0,78,2,8,3,10,0,0,2,567
浙江广业建设有限公司,2,0,0,0,3,15,35,0,1,0,3,0,0,0,0,0,71,3,2,3,6,0,0,6,600
浙江华尔达装饰工程有限公司,2,0,0,0,0,16,40,0,,0,2,9,0,0,0,0,32,1,9,2,5,0,0,9,656
浙江华鼎市政建设有限公司,2,0,0,0,3,22,41,0,1,0,2,0,0,0,2,0,80,0,4,2,2,0,0,0,499
浙江锦杨建设有限公司,2,0,0,0,0,43,44,0,,0,3,0,0,0,1,0,60,2,1,3,2,0,0,0,517
浙江申泰建设有限公司,2,0,0,0,0,0,40,0,,0,2,0,0,0,2,0,37,3,9,2,8,1,0,0,411
浙江鼎源建设有限公司,2,0,0,0,3,0,12,0,,0,3,0,0,0,0,0,115,0,0,3,3,0,0,3,579
浙江九合环境股份有限公司,2,0,0,0,3,18,65,0,,0,2,7,0,0,0,0,98,1,27,2,7,0,0,7,667
浙江昌泰建设有限公司,2,0,0,0,3,12,37,0,,0,3,0,0,0,0,0,74,3,7,3,7,0,0,10,608
浙江华泰市政工程有限公司,2,0,0,0,0,20,23,0,,0,2,1,0,0,3,0,0,0,0,2,4,0,0,1,437
浙江雄业建设有限公司,2,0,0,0,3,17,45,0,,0,2,0,0,0,0,0,102,0,4,2,5,0,0,1,559
浙江双林古建园林工程有限公司,2,0,0,0,3,24,51,0,1,0,2,2,0,0,0,0,107,1,17,2,5,0,0,3,638
浙江德林建设有限公司,2,0,0,0,3,0,31,0,,0,3,4,0,0,1,0,86,1,15,3,4,0,0,4,596
浙江华是科技股份有限公司,2,0,0,0,3,19,35,0,1,0,2,0,0,0,0,0,74,1,5,2,5,0,0,10,640
浙江凯天建设有限公司,2,0,0,0,3,13,24,0,,0,3,1,0,0,0,0,74,3,3,3,3,0,0,1,557
浙江久天建设有限公司,2,0,0,0,3,15,24,0,,0,2,0,0,0,1,0,63,1,3,2,4,0,0,1,524
浙江瑞翔建设有限公司,2,0,0,0,3,22,25,0,,0,3,0,0,0,2,0,74,1,4,3,4,0,0,5,557
浙江鼎盛交通建设有限公司,2,0,0,0,3,16,51,0,,0,2,1,0,0,1,0,84,1,7,2,7,2,0,10,614
浙江金泉建设有限公司,2,0,0,0,0,17,39,0,,0,2,1,0,0,1,0,70,0,3,2,6,1,0,1,534
浙江年代装饰工程有限公司,2,0,0,0,0,0,23,0,,0,2,3,0,0,0,0,60,3,6,2,5,0,0,3,594
浙江海元建设股份有限公司,2,0,0,0,3,17,17,0,,0,3,1,0,0,2,0,86,0,8,3,3,0,0,7,557
浙江宇达建设有限公司,2,0,0,0,2,14,39,0,1,0,2,0,0,3,4,0,80,1,8,2,6,0,0,1,459
浙江有色建设工程有限公司,2,0,0,0,2,17,44,0,1,0,2,0,0,0,4,0,43,3,1,2,3,0,0,6,520
浙江中吴建设有限公司,2,0,0,0,3,16,39,0,,0,2,5,0,0,2,0,38,0,1,2,5,1,0,8,554
浙江腾宏市政建设有限公司,2,0,0,0,3,13,21,0,,0,3,0,0,0,0,0,37,1,2,3,4,0,0,0,563
浙江元恒建设有限公司,2,0,0,0,3,11,30,0,,0,3,0,0,0,0,0,116,1,3,3,6,0,0,2,592
浙江宇尧建设有限公司,2,0,0,0,3,0,45,0,,0,3,0,0,0,2,0,85,1,3,3,5,0,0,0,521
浙江润达建设有限公司,2,0,0,0,0,0,13,0,,0,3,0,0,0,0,0,77,1,0,3,7,0,0,0,528
浙江汇宇建设有限公司,2,0,0,0,3,18,51,0,1,0,2,0,0,0,3,0,25,3,4,2,8,1,0,4,471
浙江铭泰园林建设有限公司,2,0,0,0,3,12,36,0,,0,3,0,0,0,0,0,111,2,1,3,5,0,0,0,568
浙江万润建设有限公司,2,0,0,0,3,14,54,0,1,0,2,0,0,0,1,0,89,1,4,2,6,0,0,4,541
浙江飞耀装饰股份有限公司,2,0,0,0,0,0,29,0,2,0,2,14,0,1,4,0,63,0,2,2,6,4,0,24,613
浙江鸿远科技有限公司,2,0,0,0,3,17,52,0,,0,2,0,0,0,2,0,39,1,4,2,7,0,0,5,563
浙江庆杰建设有限公司,2,0,0,0,3,0,41,0,,0,3,0,0,0,0,0,97,1,3,3,7,0,0,0,562
浙江安都建设有限公司,2,0,0,0,3,11,42,0,,0,3,0,0,0,2,0,55,3,2,3,10,0,0,3,527
浙江亚厦幕墙有限公司,2,0,0,0,2,16,164,0,4,0,2,69,0,0,19,0,88,1,27,2,4,32,0,79,669
浙江万和建设有限公司,2,0,0,0,3,12,47,0,,0,3,0,0,0,4,0,15,2,2,3,7,0,0,0,427
浙江悦达建设有限公司,2,0,0,0,3,17,48,0,,0,2,0,0,0,4,0,82,1,6,2,2,0,0,1,482
浙江宝龙建设有限公司,2,0,0,0,0,15,38,0,,0,2,3,0,0,3,0,68,3,13,2,9,0,0,3,476
浙江一庆建设有限公司,2,0,0,0,3,0,64,0,2,0,2,0,0,0,0,0,91,1,5,2,5,0,0,0,586
浙江舜士建设有限公司,2,0,0,0,3,13,27,0,,0,3,0,0,0,0,0,38,0,2,3,7,0,0,0,547
浙江兴远建设有限公司,2,0,0,0,3,0,17,0,,0,2,0,0,0,3,0,97,1,26,2,7,0,0,2,513
浙江中瑞建筑工程有限公司,2,0,0,0,0,23,52,0,1,0,2,1,0,0,1,0,64,3,9,2,6,1,0,6,566
浙江佳成建设有限公司,2,0,0,0,3,16,42,0,,0,2,8,0,0,0,0,78,1,17,2,8,6,0,10,714
浙江温州城乡建筑工程有限公司,3,0,0,0,3,23,52,0,,0,2,2,0,0,3,0,77,3,0,2,6,0,0,3,517
浙江沈氏建设有限公司,2,0,0,0,3,23,0,0,1,0,0,0,0,0,5,0,76,3,0,0,0,0,0,0,210
浙江宝厦建设有限公司,2,0,0,0,3,22,68,0,2,0,2,7,0,0,2,0,77,1,15,2,7,4,0,7,653
浙江梁湖建设有限公司,2,0,0,0,3,13,64,0,1,0,2,3,0,0,15,0,67,2,2,2,4,0,0,6,496
浙江中纬生态建设有限公司,2,0,0,0,3,0,25,0,,0,3,1,0,0,1,0,71,1,4,3,10,0,0,1,559
浙江山铁建设有限公司,2,0,0,0,0,0,0,0,,0,0,0,0,0,0,0,59,3,0,0,0,0,0,0,296
浙江策利建设有限公司,2,0,0,0,3,14,29,0,,0,2,1,0,0,1,0,37,3,1,2,5,0,0,7,519
浙江禹鑫市政工程有限公司,2,0,0,0,3,0,16,0,,0,4,0,0,0,1,0,72,1,0,4,5,0,0,0,514
浙江国丰集团有限公司,2,0,0,0,3,21,46,0,6,0,2,8,0,0,2,0,31,1,19,2,6,6,0,18,659
浙江坤兴建设有限公司,2,0,0,0,3,18,57,0,,0,2,3,0,0,7,0,76,0,4,2,5,0,0,3,474
浙江宝基建设有限公司,2,0,0,0,3,0,17,0,,0,3,0,0,0,1,0,60,1,0,3,6,0,0,0,547
浙江龙晟建设有限公司,2,0,0,0,3,14,41,0,1,0,3,0,0,0,0,0,63,1,0,3,7,0,0,4,590
浙江华伟建设有限公司,2,0,0,0,2,0,41,0,,0,3,0,0,0,0,0,83,1,7,3,6,0,0,0,576
浙江立恒建设有限公司,2,0,0,0,3,0,25,0,,0,4,0,0,0,0,0,37,1,1,4,4,1,0,2,563
浙江舜兴建设有限公司,2,0,0,0,3,17,22,0,,0,3,0,0,0,0,0,26,1,4,3,8,0,0,0,567
浙江华腾建设工程有限公司,2,0,0,0,3,0,32,0,,0,4,0,0,0,2,0,58,3,0,4,6,0,0,4,469
浙江鸿泽建设有限公司,2,0,0,0,3,11,40,0,,0,3,0,0,1,2,0,79,3,3,3,6,0,0,0,502
浙江德方智能科技有限公司,2,0,0,0,1,17,52,0,,0,2,3,0,0,0,0,86,1,17,2,5,0,0,5,643
浙江中恒建设有限公司,2,0,0,0,0,16,55,0,1,0,2,0,0,0,3,0,76,1,9,2,6,0,0,10,526
浙江龙建建设有限公司,2,0,0,0,3,16,34,0,,0,3,0,0,0,0,0,82,3,0,3,3,0,0,3,557
浙江五联建设有限公司,2,0,0,0,1,19,61,0,4,0,2,1,0,0,1,0,65,1,8,2,7,5,0,7,682
浙江明远建设有限公司,2,0,0,0,3,17,46,0,2,0,2,0,0,0,1,0,37,0,8,2,6,0,0,0,516
浙江同益建设有限公司,2,0,0,0,3,22,30,0,,0,3,1,0,0,1,0,83,3,2,3,5,0,0,11,588
浙江耀兴建设有限公司,2,0,0,0,3,35,53,0,1,0,2,5,0,0,1,0,46,1,7,2,9,0,0,9,606
浙江居易建筑工程有限公司,2,0,0,0,3,18,45,0,2,0,3,1,0,0,0,0,76,1,15,3,5,0,0,1,592
浙江宏强建设有限公司,2,0,0,0,3,0,44,0,1,0,3,0,0,0,1,0,82,3,1,3,6,0,0,4,552
浙江康腾建设有限公司,2,0,0,0,0,21,21,0,,0,3,0,0,0,1,0,38,0,4,3,4,0,0,0,492
浙江顺通建设有限公司,2,0,0,0,3,18,62,0,,0,2,0,0,0,4,0,37,1,3,2,8,0,0,10,529
浙江景鸿建设有限公司,2,0,0,0,3,13,53,0,,0,3,0,0,0,0,0,75,3,6,3,4,0,0,1,557
浙江天逸建设有限公司,2,0,0,0,3,21,20,0,,0,3,0,0,0,0,0,29,1,0,3,6,0,0,5,575
浙江汉诚建设有限公司,2,0,0,0,3,0,27,0,,0,3,0,0,0,0,0,84,1,2,3,4,0,0,0,559
浙江豪翔建设有限公司,2,0,0,0,3,0,9,0,,0,4,0,0,0,0,0,90,1,2,4,1,0,0,0,547
浙江欣立建设有限公司,2,0,0,0,2,18,27,0,,0,3,0,0,0,1,0,67,0,3,3,6,0,0,0,542
浙江瑞峰建设有限公司,2,0,0,0,2,16,17,0,1,0,2,0,0,0,0,0,24,3,1,2,3,0,0,10,594
浙江新禾建设有限公司,2,0,0,0,3,11,37,0,,0,3,0,0,0,1,0,37,3,5,3,6,0,0,2,478
浙江东航建设集团有限公司,2,0,0,0,0,21,36,0,,0,2,4,0,2,7,0,66,3,4,2,6,0,0,4,454
浙江博宇建筑有限公司,2,0,0,0,3,17,43,0,3,0,2,0,0,0,1,0,57,3,9,2,13,0,0,5,545
浙江远翔建设有限公司,2,0,0,0,3,12,25,0,,0,3,0,0,0,1,0,83,3,4,3,5,0,0,0,525
浙江智晟科技有限公司,2,0,0,0,3,20,43,0,4,0,2,1,0,0,0,0,75,1,3,2,6,3,0,8,701
浙江坤茂建设有限公司,2,0,0,0,3,14,40,0,,0,2,0,0,0,1,0,72,3,1,2,7,0,0,8,559
浙江广誉建设有限公司,2,0,0,0,0,0,25,0,,0,3,0,0,0,0,0,60,1,1,3,4,0,0,0,561
浙江子城联合建设有限公司,2,0,0,0,3,11,75,0,,0,3,0,0,0,0,0,96,0,26,3,8,0,0,2,573
浙江柯建集团有限公司,2,0,0,0,3,17,58,0,5,0,2,2,0,0,0,0,73,1,6,2,5,1,0,4,629
浙江国宏建设有限公司,2,0,0,0,3,0,20,0,,0,3,0,0,0,0,0,68,3,1,3,1,0,0,7,551
浙江民欣建设有限公司,2,0,0,0,3,36,29,0,,0,2,0,0,1,2,0,39,1,4,2,10,0,0,0,489
浙江亨达建设有限公司,2,0,0,0,2,18,36,0,,0,3,0,0,0,0,0,68,3,5,3,2,0,0,0,553
浙江秦山建设股份有限公司,2,0,0,0,3,14,46,0,2,0,2,1,0,0,1,0,57,3,10,2,4,0,0,11,593
浙江科润建设有限公司,2,0,0,0,3,11,39,0,,0,3,0,0,0,0,0,74,3,7,3,10,1,0,3,577
浙江强盛建设工程有限公司,2,0,0,0,3,18,0,0,,0,0,0,0,0,0,0,50,3,0,0,0,0,0,7,343
浙江天童园艺有限公司,2,0,0,0,3,19,25,0,,0,2,1,0,0,1,0,61,1,7,2,6,0,0,2,587
浙江运发建设有限公司,2,0,0,0,3,17,29,0,,0,3,0,0,0,0,0,68,3,5,3,3,0,0,3,562
浙江盛捷建设有限公司,2,0,0,0,3,14,37,0,1,0,2,0,0,0,0,0,66,1,4,2,6,0,0,10,614
浙江嘉旺建设有限公司,2,0,0,0,3,29,0,0,,0,0,0,0,0,2,0,54,0,0,0,0,0,0,3,288
浙江锦业建设有限公司,2,0,0,0,3,12,26,0,,0,3,0,0,0,0,0,56,0,1,3,3,0,0,1,557
浙江一龙建设有限公司,2,0,0,0,3,0,28,0,,0,3,0,0,0,1,0,59,1,1,3,9,0,0,6,574
浙江广华建设有限公司,2,0,0,0,3,12,18,0,,0,3,0,0,0,1,0,54,1,2,3,2,0,0,2,552
浙江锦华建设有限公司,2,0,0,0,3,13,43,0,,0,2,0,0,0,1,0,49,1,10,2,5,0,0,7,562
浙江广聚建设有限公司,2,0,0,0,3,12,28,0,,0,3,0,0,0,0,0,84,0,4,3,6,0,0,0,557
浙江正基建设有限公司,2,0,0,0,3,14,36,0,,0,3,0,0,0,0,0,70,1,7,3,5,0,0,1,582
浙江宏泰照明有限公司,2,0,0,0,3,15,15,0,,0,3,0,0,0,2,0,56,1,0,3,3,0,0,5,552
浙江港城建设有限公司,2,0,0,0,3,19,31,0,3,0,3,0,0,0,5,0,37,3,1,3,5,0,0,7,483
浙江通平建设有限公司,2,0,0,0,3,0,28,0,,0,3,0,0,0,0,0,39,3,0,3,3,0,0,0,523
浙江盛峰建设有限公司,2,0,0,0,3,23,18,0,,0,3,0,0,0,8,0,36,3,0,3,5,0,0,9,443
浙江大舜公路建设有限公司,2,0,0,0,3,18,43,0,4,0,2,2,0,0,0,0,69,2,15,2,5,5,0,9,677
浙江协众建设有限公司,2,0,0,0,3,0,40,0,,0,3,0,0,0,1,0,67,3,2,3,10,0,0,0,530
浙江大有实业有限公司,2,0,0,0,2,15,53,0,3,0,2,0,0,0,0,0,75,3,3,2,5,0,0,9,614
浙江大道建设工程有限公司,2,0,0,0,0,0,31,0,,0,4,0,0,0,1,0,88,1,5,4,2,0,0,0,520
浙江广茂建设有限公司,2,0,0,0,3,17,31,0,1,0,3,0,0,0,2,0,66,1,6,3,6,0,0,0,534
浙江浙耀建设有限公司,2,0,0,0,3,11,34,0,1,0,3,2,0,1,2,0,53,0,1,3,7,2,0,2,554
浙江滕头园林股份有限公司,2,0,0,0,3,21,41,0,5,0,2,12,0,0,2,0,62,1,17,2,7,0,0,22,662
浙江桐庐富春江建筑工程有限公司,2,0,0,0,0,29,22,0,,0,3,0,0,0,3,0,75,3,0,3,5,0,0,0,417
浙江新宏建设有限公司,2,0,0,0,3,13,41,0,1,0,2,4,0,0,1,0,60,0,8,2,4,0,0,5,569
浙江高弘建设有限公司,2,0,0,0,3,14,26,0,,0,2,0,0,0,0,0,68,1,1,2,2,0,0,0,552
浙江江天园林建设有限公司,2,0,0,0,3,0,23,0,,0,3,0,0,0,1,0,54,3,6,3,9,0,0,0,515
浙江泰成建设有限公司,2,0,0,0,3,17,32,0,,0,2,1,0,0,2,0,60,1,6,2,4,0,0,5,544
浙江乾丰生态建设有限公司,2,0,0,0,3,0,25,0,,0,3,0,0,2,0,0,61,1,14,3,5,0,0,0,546
浙江金立建设有限公司,2,0,0,0,3,16,51,0,3,0,2,4,0,0,2,0,70,1,20,2,7,0,0,10,590
浙江联程建设有限公司,2,0,0,0,3,0,42,0,2,0,3,0,0,0,1,0,61,3,0,3,9,0,0,1,534
浙江德伟建设有限公司,2,0,0,0,2,12,19,0,1,0,3,0,0,0,2,0,48,0,1,3,4,0,0,0,514
浙江腾宇建设有限公司,2,0,0,0,0,0,18,0,,0,3,0,0,0,0,0,0,0,0,3,6,0,0,0,487
浙江信博城市建设有限公司,2,0,0,0,3,21,35,0,1,0,2,0,0,0,0,0,47,1,2,2,4,1,0,2,589
浙江尚坤建设有限公司,2,0,0,0,3,14,24,0,,0,3,2,0,0,0,0,61,0,2,3,5,0,0,5,592
浙江威驰建设有限公司,2,0,0,0,3,14,13,0,,0,2,0,0,0,7,0,70,0,3,2,2,0,0,0,417
浙江大东南建设有限公司,2,0,0,0,3,24,27,0,,0,2,0,0,0,2,0,58,3,0,2,6,0,0,0,494
浙江凯恩建筑工程有限公司,2,0,0,0,3,15,35,0,,0,2,0,0,9,12,0,13,3,2,2,6,0,0,0,404
浙江和勤通信工程有限公司,2,0,0,0,3,19,15,0,1,0,3,0,0,0,0,0,87,1,0,3,6,10,0,10,682
浙江九都建设有限公司,2,0,0,0,3,13,23,0,,0,3,0,0,0,0,0,37,0,1,3,3,0,0,0,542
浙江龙亿建设有限公司,2,0,0,0,3,15,19,0,2,0,3,0,0,0,0,0,65,1,5,3,7,0,0,0,557
浙江坤宇建设有限公司,2,0,0,0,3,0,23,0,,0,3,0,0,0,0,0,40,1,10,3,4,0,0,0,556
浙江凯德建设有限公司,2,0,0,0,3,15,28,0,,0,2,0,0,0,1,0,57,3,3,2,6,0,0,1,529
浙江东宇建设有限公司,2,0,0,0,0,13,52,0,,0,2,0,0,0,1,0,57,1,3,2,8,0,0,0,527
浙江顺建市政工程有限公司,2,0,0,0,3,19,39,0,,0,2,0,0,0,0,0,69,1,7,2,3,0,0,0,562
浙江鎏增古建园林工程有限公司,2,0,0,0,3,0,28,0,,0,3,0,0,0,0,0,67,2,0,3,9,0,0,5,583
浙江鑫宏建筑有限公司,2,0,0,0,3,30,22,0,1,0,3,1,0,0,1,0,60,3,1,3,3,0,0,1,539
浙江旭昱建设有限公司,2,0,0,0,3,16,19,0,,0,3,0,0,0,2,0,68,0,0,3,3,0,0,9,532
浙江引拓建设有限公司,2,0,0,0,3,24,47,0,2,0,2,4,0,0,2,0,88,0,9,2,3,0,0,5,551
浙江恒炜生态建设有限公司,2,0,0,0,3,0,32,0,,0,3,0,0,0,0,0,37,1,4,3,10,0,0,1,565
浙江千岛建设有限公司,2,0,0,0,3,17,37,0,1,0,2,0,0,0,3,0,37,3,5,2,7,0,0,10,516
浙江申盛建筑工程有限公司,2,0,0,0,0,20,48,0,,0,2,3,0,1,1,0,13,0,4,2,7,0,0,3,519
